129 1024 6
408 172 4196 94 1186 -4826 8294 414 -6966 970 -2626 -2910 58 1412 -2122 626 -3214 -4128 -560 1626 2338 780 1160 -4334 -4976 4820 -3972 -106 -466 -4122 8372 -1704 -2470 -368 2224 -3154 3142 730 3328 -3958 -1394 282 722 -5094 -4924 -6024 -564 -3254 -4138 -2260 5510 -6030 -742 -274 7618 -1850 -3864 3708 0 -1930 66 2346 526 -2040 1178 2094 9394 4462 2418 1636 -1698 1288 -1102 -1196 -3310 -8008 -294 1784 -1288 2840 3076 -3682 -1582 1714 4182 3478 -4250 -2116 -5840 2422 -1404 746 2896 -3212 -396 2460 862 -7810 -3590 1820 2690 -784 0
3381 1025 3725 1981 3209 -13547 15051 -2529 -11509 -2519 -4333 -6101 -1387 -683 -3363 -1659 -5865 -3403 591 139 -2495 1991 643 -3137 -7423 2419 -5791 3437 -733 -6225 7471 -7191 205 -2235 1189 -3911 5861 4371 4567 -5705 -813 -3595 1027 -6991 -3569 -7427 147 -4969 -9259 1163 8907 -9383 -407 -775 11015 -5325 -5275 8329 -743 919 2139 7285 -1985 -1729 1957 8385 15031 4897 3647 2079 -2223 2599 177 -361 -4099 -6367 -943 -2983 -4327 2041 3933 -2029 -7343 -329 5243 267 -7627 -6025 -7561 3179 1291 497 5069 -7703 959 1655 1253 -14135 -5119 7195 2549 1693 0
5373 2567 6327 2653 -2885 -11371 14575 715 -8475 -3579 -7227 79 -1327 -3341 -2625 2145 -4955 -1589 -2295 1095 -275 4135 3345 -1909 -4645 -355 -2945 3535 -1699 -5135 8479 -4915 3165 855 6119 -7031 1947 2057 2855 -4663 673 -3377 685 -8273 -3897 -4041 -2971 -8961 -10373 1429 7769 -7849 -609 4597 8605 -3109 -3499 5859 -199 -909 687 7443 -2743 -2241 911 4373 11841 2385 3225 1079 499 1473 -3447 2915 -1627 -9541 -2887 -127 -6223 375 5211 -509 -1483 1071 9177 493 -5147 2803 -8819 297 -493 -11 1557 -4413 1343 -75 1493 -13461 -3717 1725 3601 2863 0
3577 -1413 4037 5307 1207 -10067 13869 -2143 -10349 -4639 -4619 -1199 -153 4423 -3973 -1003 -4859 -4503 -601 2457 1615 5695 -529 -3103 -5473 1159 -6339 1797 -1059 -4849 8705 -9261 887 13 4505 -4179 6747 6005 851 -4603 -493 -2207 -1717 -7921 -5905 -7643 1575 -5509 -10863 1709 8337 -9725 1515 -923 5277 -3007 -5147 7337 -2277 -1087 1487 6149 -2675 -345 2955 5941 9227 1299 1629 991 -441 1397 -1747 2457 -3601 -6901 99 -1327 -5863 1087 5941 -3151 -4037 -843 7163 349 -877 -3857 -7953 2059 -1121 2031 3429 -3843 -941 3401 2137 -13381 -5321 4179 2269 3353 0
737 959 419 -133 -89 -4487 7229 -1355 -2115 -229 -2631 -2373 -1195 -59 -1449 -1659 -1077 -2785 -1625 1787 -1835 339 1981 -577 -2513 1103 -131 -251 -2383 -2929 3935 -193 -97 2011 2357 -1619 3175 2395 1899 -1567 -2125 -3555 -1035 -1313 -1355 -2181 -807 -2341 -4755 -481 3319 -3423 1289 1761 3165 -2377 -2019 4259 -1893 813 691 1721 -673 -1441 3057 1439 5039 839 1169 2117 -1611 1357 -1049 -1285 -1009 -5077 -867 285 -1639 -387 2329 -407 -3399 -115 1513 373 -1945 -2147 -3389 899 -353 675 2077 -3951 377 761 159 -6017 -1375 2311 2173 2635 0
2159 333 3209 2137 761 -6999 9281 -2385 -5679 313 -2263 -4431 753 175 -311 -2017 -3091 -185 1871 -2221 -19 1337 -59 197 -4927 -1077 -5053 -181 -1657 -4687 4659 -2539 -2777 807 6131 -1891 4313 2315 5895 -4259 577 -1357 -1531 -4471 -3029 -6721 1271 -5005 -6347 -1587 5507 -6375 1687 -303 7853 -5125 -3677 3767 -839 795 5691 2789 -6231 -285 -1213 5427 10557 707 1673 781 -1603 437 165 -143 -4683 -7159 1721 -1415 1341 -705 1257 1197 -2891 1963 247 2315 -5735 17 -5271 -187 -473 441 789 -1737 -303 -615 1579 -6127 -471 5191 2255 2811 0
4728 2834 2030 4202 -166 -8318 11480 -3456 -3834 -2400 -2126 -2016 2782 900 -2932 -1530 -2568 -934 -1950 2010 -4882 1160 -282 -1136 -690 -2036 -2092 -172 -2570 -4978 6068 -4948 1158 272 5528 -3580 3288 1332 -2228 -1976 692 -6656 -524 -3476 -2608 -1972 1554 -604 -8988 1514 5178 -4680 1760 2552 2714 -3346 -138 6952 126 1626 60 5304 -3160 -1018 1500 2750 6574 746 214 662 2818 758 -2172 194 -3176 -5122 -1494 632 -5854 -3518 4142 2954 -2800 1310 5720 -3152 116 686 -5692 2176 -1232 -610 694 -2798 930 -1514 -516 -6190 -1856 4378 5136 4840 0
2909 949 4517 3421 -1745 -7729 13045 -955 -6689 -1897 -3693 91 917 -1855 -2779 -745 -3927 -3235 -829 1165 -3015 2277 1691 -3921 -2995 223 -3049 2231 -1863 -2679 9423 -6869 1403 1005 4091 -3771 3973 2923 2655 -3821 815 -4595 3511 -2901 -3265 -6635 -3645 -6763 -10799 2175 3079 -6221 -9 3183 8049 -1145 -3537 4097 -2213 2415 931 4129 -3813 -1913 2101 3935 8449 743 2079 3305 -209 1643 -3069 2777 -4465 -8903 -3175 439 -3329 -777 5331 549 89 1611 3361 -271 -1547 -1683 -8035 2139 -1959 2015 -99 -3349 615 1403 1203 -10205 -2979 209 1135 2513 0
-1377 1537 1027 -1247 -1843 -3239 4061 -1363 -2129 -1903 -2573 -2535 263 -1005 -1163 -751 -2645 985 -881 -447 -881 1793 773 -783 -2401 -1833 129 1263 1641 -1389 773 -391 -661 535 337 -2269 1673 1915 -191 -1627 -323 -2871 -103 -2865 -1577 -753 999 -3635 -2629 1989 3007 -4251 1419 931 877 -1819 -883 2503 -585 1081 1349 707 -457 -819 399 1453 3693 -79 1743 963 -175 723 -1971 177 261 -2113 -131 -2279 -1597 711 429 -287 -1501 -1351 1981 287 -3083 -389 -2431 707 871 -371 2003 -3535 1357 -1333 1139 -3709 157 1265 1057 785 0
1422 2214 1772 5788 1158 -7530 9646 -1464 -3696 1906 162 -4430 1214 62 -2138 226 -944 -866 -1594 100 -2796 1946 1850 -114 -5646 278 -2872 1340 -4788 -2706 3832 -3356 1532 232 6452 828 4590 -1648 2342 -5754 -960 -4998 378 -6992 -3900 -4670 -4110 -5360 -8518 1534 6978 -5070 1082 2114 5852 -3322 -114 5438 4128 1816 2792 1952 -4306 -20 456 2388 6078 -1798 2060 2934 -3612 -1002 -3210 -176 -1460 -5388 1216 -708 -4526 1274 1536 2794 -2192 1318 3974 -1396 -3978 -2404 -7246 2074 516 1418 -944 -4528 2658 -6 -1982 -7406 -1274 7232 2436 1268 0
-499 1637 1303 769 -1553 -4731 9019 403 -5807 -2197 -2513 -691 -719 951 -1293 827 -2497 -3281 279 2939 -581 2487 1653 -897 -2719 -1119 -2405 753 -501 -2875 4689 -3997 1605 -473 3873 -4205 2079 -577 87 -1307 -235 -1785 -765 -4247 -4329 -1915 393 -3013 -5147 3297 6387 -3573 -509 2341 3213 -2507 -2345 3365 -2715 351 2429 3535 -2547 -2531 2393 2855 6317 785 1123 1901 877 1287 -1431 2081 -827 -5307 -2105 -947 -2951 1771 4927 313 -925 3121 5333 -447 -2479 1019 -6203 1397 -243 -1887 2777 -3353 35 793 347 -10063 -2791 2687 3829 181 0
2948 -836 2058 418 -76 -8208 10994 -210 -7364 -546 -3482 -5534 -46 1090 -634 -1632 -3990 -1842 670 3238 1836 1276 1586 -2104 -5578 1212 -5776 1914 -646 -5666 8744 -3084 -1144 -2812 3184 -3444 7374 2672 2604 -2766 -2314 -4790 -3070 -6954 -4012 -4788 944 -4450 -6390 3444 7324 -7720 -282 -468 5892 -3356 -5924 4338 -1450 -1910 384 4804 -1260 -1108 2822 4692 10152 3298 1304 1514 -1716 1512 -766 -814 -2434 -6798 -4 130 -4508 1722 6264 -2336 -3818 -750 3994 2408 -2028 -2384 -5154 2692 392 1336 6228 -4334 -852 1490 -1024 -11786 -4318 2794 4188 2066 1
5377 -781 -577 1407 1049 -7823 5255 -1047 -1585 -2469 -621 2343 801 -857 1807 2761 971 445 -3785 69 -2257 443 1699 -15 -693 -4415 -2961 1035 241 -1125 -77 -6067 2009 1105 1039 -4277 -1559 4451 -2533 -835 4371 -3523 -921 -665 -851 1911 2213 1905 -3275 -963 4459 -1031 -387 2601 833 -493 -1641 -3865 -543 2569 -2163 2017 -821 -577 -2323 827 2333 2593 189 -497 285 587 -229 607 -1781 -2735 -3205 153 -1695 -4195 3267 745 -859 -157 3741 -2623 -1653 -825 -1671 2079 -2101 29 1725 1053 209 -1443 -1911 -2775 -907 3839 2399 589 1
3649 7123 4243 5051 1155 -10135 8117 -781 2769 -341 217 -1039 3777 403 -2771 955 1217 1071 -5299 2291 -4949 -169 2897 1893 -241 -5187 685 179 -8287 -2041 3797 -2015 2671 -81 3501 1891 -315 1327 -1065 -2493 2489 -4371 1107 -1821 -499 -541 -3049 -4301 -13553 -3873 5031 -803 2809 6645 4167 -1389 875 879 127 4933 -423 4891 -2041 1827 -639 1249 1973 -2213 -1547 1299 -2677 -2049 -2979 2449 -1813 -7785 -927 1549 -4199 -9235 1247 7273 -4101 1319 6829 -3665 -4117 431 -5071 4133 255 1711 -3237 -3205 2601 -2603 1087 575 527 3223 3235 3853 1
1608 -1058 4022 4496 4 -11646 12732 52 -9256 -4462 -3736 -5276 1176 2984 -1452 1268 -4240 -1170 -1632 2196 2694 3520 2478 -3488 -7608 632 -7396 1946 -434 -6456 10228 -7236 -724 -3622 7424 -4886 4718 3006 3190 -4734 762 -5774 -1472 -7646 -8382 -6568 2382 -5898 -8456 3088 8328 -8696 -1922 -1992 7402 -2252 -6938 3668 -2770 -1318 -84 5600 -2924 -5258 1898 3420 11256 1396 4006 3138 -682 1530 -5896 1278 -5812 -8140 -274 1098 -4662 2610 5990 -1898 -2806 1804 6988 4658 -3662 -1248 -8872 2470 -1990 652 4658 -3580 -806 670 4438 -16024 -6860 4696 5242 1344 1
2441 1143 4565 -15 423 -7885 10827 -4155 -2787 -779 -2443 -7549 2301 -1793 -1657 -1359 -3347 115 201 1811 -1267 843 637 -1667 -5667 1437 -4777 67 643 -3929 3881 -2843 755 -2203 2083 -3609 5291 2201 1785 -2315 1581 -2903 -1091 -5931 -2287 -5313 2983 -4145 -4235 919 8687 -8065 1647 1039 2937 -1399 -1281 2087 1015 2045 1153 1859 -2711 593 -183 4961 9723 419 1861 829 -1497 433 -723 531 -2911 -3067 -313 -2013 -3883 1617 4155 2317 -2669 829 3595 3133 -2067 -993 -4525 1419 -555 -105 4241 -2287 3311 -515 2387 -7675 -2873 3717 2293 2107 1
991 1163 47 1011 2817 -8539 7503 975 -3447 -501 -2867 -111 -753 325 -1241 -2563 -1233 297 -3069 4649 433 -37 4527 -2713 -2557 2851 -25 403 -1037 -2587 2265 -1161 3031 2565 1231 1 2791 1985 -755 -5083 -1043 -4369 -2519 -3561 -283 -1529 841 -2139 -6707 -1659 4443 -6975 -609 2185 4169 -2683 -2207 3983 -583 -1331 375 2721 73 1713 2649 2113 2657 2481 2821 -1197 -1973 1019 -679 755 -525 -5603 95 827 -2577 -463 2847 -1849 -1421 2417 3603 1139 -4215 -3697 -2625 1877 -2061 1063 3257 -5647 1651 243 425 -7649 -1603 1017 1921 1619 1
-1337 1641 -1301 2411 1883 -5211 5883 -277 -1241 -1721 -2627 -2157 417 1631 -2661 -123 -803 -247 -1567 4253 245 2359 3217 1403 -1569 497 -2971 -161 -1007 -4523 303 -939 4129 2227 3759 3335 805 -725 1163 -5041 1503 -5785 -337 -2565 807 -1173 -2633 -3101 -6971 -1145 6287 -3013 2909 1167 3941 -3393 -1481 1379 -1921 1177 -809 717 -729 -907 6043 3591 5173 191 1629 -225 -1425 2497 -1917 2167 -969 -3325 -2911 -319 -4049 773 3207 145 -2147 3253 3795 -3525 -1769 -231 -4369 227 -1131 557 2303 -1925 -493 953 1823 -3651 -2547 3633 3145 2601 1
1370 502 5252 874 846 -10618 10808 -2694 -5708 -2102 -1652 -5918 44 -478 -1200 -1744 -2782 376 2058 2754 -1462 682 4208 -4834 -5140 2974 -3896 -200 -1334 -4390 6044 -1412 -56 -2884 1800 -1366 2618 1406 1502 -6436 1400 -4376 1204 -5846 -3444 -4354 1162 -5670 -6306 1272 8264 -9208 242 1360 8322 -3638 -3662 5196 -2914 -734 2038 3138 -770 -1072 -640 7026 10928 1882 3858 -226 -794 2380 -280 -2102 -2110 -5124 -1038 -840 -3248 1608 5654 1508 -3950 176 4208 770 -1830 -4496 -5774 1748 1242 550 3106 -5716 2546 -1254 2328 -6610 -3292 7198 2280 2330 1
3204 2662 2856 1248 898 -6104 7228 2502 2396 2026 -2072 -902 -238 1448 -1730 -1328 2130 -2562 -6238 4656 -1018 1916 4880 -2740 -1998 -2316 -1040 2930 -3726 -710 1292 -1918 2334 738 2354 3770 -776 2862 538 -3702 2316 -8822 848 -1912 -512 -1018 -302 -5346 -6532 -814 3648 -2228 -956 6812 2688 -646 -4854 -1678 -856 4694 796 80 -3786 -3178 3154 -20 2956 74 1348 -1178 -3618 398 480 3140 -1916 -5120 -2262 1058 -5216 -3916 3732 3444 -3186 2282 2238 -2912 -3248 1540 -4470 2266 -686 356 1956 -1350 2662 2078 1066 -2996 18 4726 4070 4028 1
2269 3953 3529 3981 1585 -8373 10077 307 523 -1281 387 -1853 3449 3933 -2983 505 -379 1971 -2269 255 -2053 903 2825 571 -6059 -3133 -2781 3725 -2005 -4625 4455 -871 1057 -587 5517 -1051 2593 1937 -2429 -1203 2835 -7065 1735 -5921 -3497 -2641 259 -4773 -10767 191 6759 -7013 -271 3993 2433 -1271 -1479 3317 1971 1291 4341 4793 -6187 2591 -2421 1257 8115 -4733 467 2507 -1431 -3185 -2149 5261 -2983 -6193 7 2759 -3815 -131 2593 6077 1121 1519 9353 -491 -2967 915 -7339 1505 2335 2549 -583 -1565 5647 -1035 1711 -5371 -961 5645 3325 253 1
1029 475 497 1931 -503 -3937 7825 141 -8283 -2525 -3781 -2709 555 1627 -801 -1245 -1663 -2179 77 5853 3597 1933 4237 -4431 -6399 541 871 3415 1631 -3595 7867 -2941 1819 -2771 4419 -2097 5169 2815 197 -4863 -4173 -3107 -2971 -5325 -7923 -3141 -77 -5389 -7887 1279 5657 -12365 249 -789 2931 -1039 -2529 7067 -1005 -4499 1187 3287 1409 -1565 5945 2781 8717 4147 3061 3707 125 1355 -3613 1313 -2453 -7199 1511 3387 -6719 3037 5421 -3213 293 -257 6769 1267 -1739 677 -6513 2119 767 1231 5389 -2495 6141 1779 3387 -10607 -1165 571 2777 1423 1
2600 -64 3262 3742 -1948 -1672 8508 -176 -1998 -3750 -1014 -994 -782 -844 -300 1146 -3026 -3008 1400 290 -2204 3656 -1248 -1372 -1692 -1552 -2542 -30 1170 -1254 7928 -3804 -2672 -1956 4904 -4748 2794 886 -1166 1654 -478 -3516 1978 -4452 -5050 -3156 2366 -2128 -6988 1846 792 -3216 3314 704 238 -1010 -3282 7020 -2118 2464 546 1836 -5426 -2614 -138 382 7200 386 1172 2734 1410 182 -2910 3724 -1490 -7488 -1288 1220 -4066 990 2678 468 -274 -456 3112 878 716 3446 -5294 452 654 736 -798 -2180 1692 -1208 -346 -4770 -314 2518 3234 3012 2
2526 304 5870 6954 -2800 -8954 12332 -1408 -1918 -4052 -544 -316 3962 -2380 -878 5536 -4792 -1238 -4204 1242 -5634 3030 466 -374 220 -1942 -1910 -1182 -1482 -2434 6716 -8314 -2218 332 7782 -7706 2892 1766 3408 1338 3582 -5220 -194 -4684 -6294 -3684 -1424 -792 -8104 -2894 2584 -3428 -2160 2064 2196 2060 160 1268 -314 6490 2616 4324 -5612 -3238 -2530 -478 5324 1980 944 5486 -1008 100 -4974 2380 -4990 -8336 -238 776 -2604 -2834 2388 2644 -354 2356 7806 618 -3790 5582 -7686 2158 -1732 -2354 116 -2202 -2150 -1544 2160 -8052 -4094 2224 4988 3210 2
440 -96 2928 2748 -776 -2774 5252 -1884 -3906 -2884 -1470 -1950 -2380 508 -1912 -2504 -1676 -3320 1148 584 -1930 1992 -1800 -3500 -2676 3888 -4742 432 174 -968 8492 -1850 -928 -3466 744 -684 2948 3096 -484 -338 -2612 -2772 240 -3106 -736 -3824 -1224 -2386 -5506 2766 3112 -1420 1610 224 1038 -1914 -1434 7290 -916 -1544 -708 2730 -2406 -1152 2356 1976 4552 -70 1022 352 2852 -2128 -1252 -1056 -218 -4416 -1982 394 -3962 760 2344 -946 1282 -888 3726 -1274 1256 562 -3826 746 -442 2728 258 -792 2446 -380 -1522 -6676 1162 2106 2056 774 2
2607 441 3837 4733 -2495 -4509 7381 -2263 -1417 -2843 2459 -2271 4261 1985 -2249 3351 -1675 -1037 351 -559 -2377 2341 445 2447 -379 -1769 -1175 -1079 -1873 -2029 3653 -2205 711 -1085 5145 -4149 1295 1987 -723 -159 2183 -3571 2743 -1877 -2855 -3477 -1309 709 -7731 -653 3639 -2509 163 803 2589 515 823 2011 -2669 3335 1909 3979 -2093 -323 -3413 1615 3427 -2147 1335 2323 -491 -257 -2669 2701 -3563 -3465 421 2113 -1539 -1177 2477 2395 -737 2369 5215 1465 -1413 2271 -5571 1601 -1077 -941 -417 -2599 2665 -1971 4313 -3887 -3073 3351 2935 2077 2
1869 1031 4145 3705 -847 -2661 9711 -1187 -4775 -269 -1923 -3701 -1371 -855 -2029 -121 -3873 -3395 3565 -669 -1843 2317 -2301 -3491 -3133 805 -4217 1187 -213 -1461 9101 -4509 -1237 -3249 2909 -3225 1975 687 -1451 971 -1053 -3335 2567 -6825 -3881 -4067 3129 -2725 -8803 3769 2459 -3735 3147 -159 2269 -2293 -2375 7993 641 -13 653 2633 -4995 -1649 -583 4077 9231 -2403 621 2093 2191 -2041 -1511 1611 -1177 -6493 -2799 183 -5599 1077 4567 103 -33 -1775 5787 -939 2663 1491 -4349 1771 1197 2281 -1993 519 2803 -1541 789 -4597 -1129 3781 1345 1979 2
6260 -254 4372 3770 -740 -12552 16680 -1422 -9922 -3046 -3080 -4922 638 884 -1906 -656 -5036 -2974 -626 3416 -198 3444 658 -3698 -5792 1046 -6144 1110 -1490 -5882 13020 -7794 -920 -1346 7106 -6378 4046 4972 1614 -3114 152 -7670 284 -10536 -5906 -5110 1400 -6682 -13398 3898 8370 -8534 590 1408 5290 -2276 -4582 7122 -2522 2602 386 6706 -2970 -4708 2168 3416 12002 2718 3646 3936 -1248 890 -4174 4484 -4946 -10742 -1538 -644 -8130 -152 7506 -68 -4136 -1740 6994 -494 -3620 504 -8498 3430 -226 -38 4190 -4554 1550 80 2236 -13068 -4688 4390 5164 3672 2
1975 5399 2743 1915 -2147 -9647 16067 529 -5565 -6025 -4911 2503 -663 -3737 4127 3427 -5239 -2127 -305 -1979 -161 2993 -347 -4709 -1681 -2359 -5497 -229 -879 -409 8223 -5437 -2967 2005 3407 -10679 3719 1585 -1819 -4473 877 -2451 725 -5435 -1799 -4427 491 -2685 -8881 5009 3895 -6531 1955 6775 5865 -2617 -3481 4563 -2249 4285 573 6173 -4817 -2117 161 1825 7429 2171 5281 -947 2273 1399 -1881 3847 -239 -8805 -1229 -1751 -2429 -1635 3861 -827 -3037 -3245 8537 1257 -249 1003 -7001 851 -3155 -2625 -621 -4103 -147 -3297 -955 -7399 -2975 3531 3029 509 2
2615 1615 -2005 1899 -2419 -9119 15703 -3183 -2635 -2083 -2643 -965 1231 -1791 2975 329 -4709 -3081 -681 -577 -5207 3139 2387 -2677 -2631 -2523 -7631 1373 861 -3033 7599 -3203 -3267 3901 2481 -5791 4987 7249 -2877 -4075 -1139 -10733 -2103 -4497 -2903 -3961 -1295 -1619 -12133 365 3329 -8051 3057 -973 -261 -6211 -3065 5731 -1599 3585 3201 1105 -3319 -2785 2051 4077 10237 461 4695 1931 -1079 2799 -4207 2443 -99 -7391 1429 -3189 -8201 -807 6781 2197 -5441 37 5789 -1143 -4031 -1043 -7197 1797 -131 -2977 2389 -7675 2553 -5379 -1839 -9511 -329 7807 5723 2197 2
2500 -1170 2228 3500 -280 -5968 9528 -2100 -5114 -1498 -510 -3560 928 532 -2342 -560 -2678 -1028 456 1664 -532 1346 -396 -2326 -3592 234 -4018 128 -68 -3802 9008 -4350 -1296 -2586 4504 -2840 3672 1666 552 -878 -1352 -3798 -502 -5252 -3660 -4910 730 -2882 -7130 1948 5228 -4286 1630 -866 1856 -1894 -3868 5586 -1560 434 616 3398 -3236 -1888 1724 2432 7380 -664 1772 2460 692 304 -2158 538 -3004 -5808 -124 1380 -4896 -294 3642 1074 -2292 -86 3626 310 102 -522 -5962 2152 272 1238 820 -2594 1258 568 1944 -8686 -2486 3386 2738 2622 2
2466 546 3708 3750 -1758 -4502 11626 -1416 -5270 -2776 -2284 272 -200 -2564 -106 1880 -5480 -2758 652 282 -2300 3500 -1440 -4402 -2098 -366 -3246 -476 1550 -1728 9038 -5500 -3354 -1052 4802 -5104 3698 544 736 334 -780 -692 1382 -5698 -4758 -5076 640 -1740 -8650 2474 2930 -5396 2666 -390 2188 -258 -2210 6804 -2046 2716 918 3992 -3416 -2542 74 1892 6834 1158 2292 2096 912 750 -3118 1504 -1450 -8010 -884 706 -5174 556 2816 312 -1704 -1458 5884 2030 1198 2190 -6516 1276 -1626 -230 -1310 -2784 138 904 718 -7240 -2246 2530 1892 2120 2
3597 1489 4385 5451 -1727 -5011 13817 -813 -5453 -3551 -2523 -519 31 -3571 1151 979 -6431 -1255 2039 -1199 -2267 1545 -2489 -5531 -377 -1851 -3697 -939 -41 -1851 10779 -7371 -2149 -2007 4581 -6341 3319 1049 -403 1267 -247 -1617 2557 -6091 -3357 -5031 3577 -317 -10195 4713 2091 -3301 4411 1877 3553 -1439 -2299 9181 -1645 4047 301 6395 -4889 -1895 195 2923 7765 -327 2861 931 3255 471 -3023 1945 -1165 -9115 -1183 -381 -5177 -2065 3503 -1183 -3501 -3641 6939 1447 3029 1681 -6935 2049 -1855 239 -4255 -1547 105 -1427 1535 -5599 -2229 2995 1753 2143 2
3143 1229 3343 5591 555 -10455 12781 -2063 -7261 -3951 -1773 -5915 2321 -1133 -685 -2767 -2797 1953 1863 -809 -1135 1409 1221 -2529 -4571 -1893 -7027 -779 -3679 -6419 9083 -6567 603 -3273 2979 -3199 5207 4013 225 -3683 1265 -5863 -1133 -4841 -2515 -4121 153 -4281 -9099 2889 6011 -8201 2543 1837 6219 -3399 -3171 7857 -1999 3727 3183 5031 -3413 959 2097 7165 9705 -1051 2793 1477 1473 1583 -2355 519 -3441 -6683 1791 -1341 -5069 -873 5397 799 -3907 -2135 5689 1325 -995 -1485 -7317 3155 1783 1655 197 -4921 1673 -2007 2429 -9291 -2091 5077 4085 2861 3
22 470 -2110 2222 -2302 -9952 9512 1012 -8118 -5594 -5696 -4418 -486 -2846 -1660 -2938 -5540 -24 266 3820 974 166 104 -4522 -2362 614 -5582 1132 476 -5260 7278 -5262 1008 1054 -568 -1596 4892 4362 828 -5852 -1818 -6962 366 -5196 1538 -3546 1348 -2818 -11194 5108 7584 -5422 914 2600 5130 -5364 -5272 7408 -3222 -178 -2110 6564 -1236 64 7650 5876 7286 2190 -234 -1074 -1784 -156 -3462 1940 -484 -4692 -702 -3044 -8798 -392 8172 -2558 -1432 -2056 4558 -2874 -638 -1014 -5444 1992 -2862 4976 758 -2704 -92 -1822 392 -11772 1752 4856 2284 2390 3
4394 5434 2422 3308 4366 -14302 15282 -2126 -10272 -6304 -5596 -5070 2056 -5722 3034 -4646 -2666 4138 1328 -4202 1886 -2816 -1052 -2638 -3834 -1242 -10136 2812 -5026 -10224 9358 -5032 3058 2322 -476 -6898 5086 5886 -4134 -9354 1540 -7082 -5090 -3376 2210 -4498 -1392 -8278 -10304 4318 6174 -10224 3828 4010 13926 -6414 -5506 10668 -1726 2544 -626 5700 -2170 4096 1400 9316 10356 822 1198 -1040 1854 4916 -4390 2244 -2254 -3072 -682 -6022 -2154 -4574 7846 1966 -6304 -5054 8306 -112 -5066 -5826 -4566 4282 1754 338 -234 -7422 -208 -2762 -1588 -9480 -2110 8590 2972 2084 3
2023 2859 1745 3709 -843 -5257 6581 -33 -1369 -1137 -1563 -2239 163 919 -4609 -1589 -709 -2961 -1361 4165 207 589 -1393 -2741 -3985 -85 -1061 579 1073 -3345 5573 -3935 -921 -1023 1433 1605 4735 2921 1373 -2101 -315 -3253 -367 -4673 -1781 -6753 -31 -2013 -7591 -1271 969 -1747 1953 -1679 5717 -941 -3761 7957 -709 -1201 2135 3023 -2131 125 943 1113 5789 -227 2009 -1141 217 -1725 -2099 283 -1641 -2893 641 -645 -3465 -2529 1973 623 -2875 -577 2727 2253 951 307 -3233 1899 877 359 -2935 -2271 -143 -1409 2355 -5805 1139 945 1965 4319 3
2206 -12 4376 3986 104 -2450 13658 -2736 -2798 -886 474 -6698 2442 -126 1208 -258 -2612 -66 3916 -226 -1696 1138 304 -3530 -6046 546 -2870 -258 1860 -5136 9590 -3994 -5004 -4576 2638 -6436 4758 444 2702 -944 -652 -3718 1634 -7460 -6950 -2656 2670 -1068 -7306 1708 12150 -6730 3500 2648 6106 -1212 -2962 2118 1398 4312 4228 3226 -5764 1104 -1250 3392 9386 970 -694 232 1500 2298 -3576 -1290 -586 -4496 1790 -1434 -2462 1838 5192 32 -116 -702 7698 1728 642 166 -6270 2440 1644 764 2612 -926 680 -1622 1106 -6098 -3898 4152 6776 -1204 3
-1525 -1009 2019 -111 2327 -8151 10553 -121 -3299 -449 -119 -7079 379 3865 -147 -2283 -2303 359 1113 229 1443 -321 3885 403 -9119 1473 -2173 3225 -1677 -5331 5651 107 -1467 -2293 1243 321 2391 2811 4071 -5571 1595 -3933 -1709 -6623 -2185 -4759 2087 -4671 -2853 1937 5679 -7721 795 -973 5903 -4351 -5385 1845 -1485 -895 4117 -381 -4591 2203 -109 3755 11001 415 3111 1533 -3455 -1035 -2711 837 -323 -4491 2059 -1431 -1537 5907 4573 -203 -3309 -1015 2169 1833 -4365 -3985 -4401 1363 2207 609 4841 -2931 605 -1131 -161 -5419 -3263 3181 207 -1047 3
2745 1097 3343 6381 25 -12901 18679 -1133 -11545 -7585 -4211 -9505 1805 -1283 -2183 -1487 -4549 1063 1157 2297 -223 2313 123 -4771 -5159 -1447 -7459 -1937 -1485 -9399 12659 -8323 -303 -5025 5443 -4177 5451 4241 1523 -4391 365 -10035 -1155 -7447 53 -6639 271 -5529 -12243 3355 7129 -8909 3199 1889 10685 -6117 -4287 11451 -5033 2655 1037 7887 -3517 851 4341 10915 11779 1291 4801 -1587 2135 2009 -3337 1759 -4703 -7593 2005 -5111 -6779 363 8087 149 -5315 -5113 7601 623 -3501 -4491 -8367 2601 1473 5171 -2155 -4545 3111 -3595 3697 -15129 -2879 7609 4573 2305 3
3472 2250 -420 4622 2002 -9336 9786 -4108 -9240 -5258 -2148 -10858 1958 -3944 2066 -5772 -4750 7094 6196 -4466 606 -3046 -2506 -234 -2902 -5224 -6320 1178 -5494 -12096 5348 -4648 112 -1986 -3098 -1316 6424 6694 -778 -5492 -84 -6828 -1376 -6658 76 -1994 -540 -2918 -6404 6000 3668 -8516 4570 1212 10524 -7852 -2002 10512 -890 4810 1988 5918 -1312 6352 2150 11996 8744 638 5808 -1082 4494 1000 -2896 58 -4032 -3136 3484 -5362 -3712 -2218 5386 366 -6894 -8648 5516 2162 -2460 -4496 -1306 2234 4048 2948 -1222 -4950 2578 -4262 2768 -5364 3188 10018 970 834 3
5003 2509 -213 2825 1241 -15173 14467 -1491 -9249 -6501 -5227 -7367 -107 -1889 297 -4043 -4735 3311 3591 -671 -5 -1339 1977 -2347 -3771 -2229 -9113 -1113 -3773 -9281 7171 -4089 1791 -1897 3203 -2587 3317 6883 1493 -5987 -1245 -6091 -791 -6709 3639 -6887 -1161 -9365 -10955 273 9739 -7027 1959 7015 11495 -7975 -2827 7945 -4131 -521 885 9171 -2279 -325 597 11663 9903 -2017 2757 -4219 -1245 3747 -197 -949 -2151 -5313 1 -7775 -6945 -4187 6357 -623 -3279 -4349 6353 709 -3081 -5801 -5493 6603 1161 2391 -319 -4675 2497 -5971 2871 -11135 -4367 8237 1321 1297 3
230 2608 1974 960 -220 -3842 10014 -3166 -5672 -1982 -5282 -1378 -1148 752 -808 -4480 -1374 -4352 -806 -656 -88 614 506 -5638 -4342 626 -4296 -1906 1002 -1500 6984 -3554 -1082 -2218 -12 -2968 3782 2200 1458 -3690 -1526 -4016 400 -3490 -4014 -5698 86 -6862 -6788 3502 5350 -5410 1806 -716 5628 -4160 -3748 5038 260 -1136 -1984 2674 84 -484 -380 4288 9552 1862 2400 1956 -444 702 -1400 -1710 -880 -5640 2170 362 -4074 -1934 6460 -1542 -1530 -200 3660 1504 -1102 -4104 -2392 1216 -24 2096 1902 -1974 4254 1880 -142 -12586 190 4958 3116 858 3
1437 539 -523 431 83 -6001 7791 -1255 -5441 -1273 -2017 -3277 1593 1359 1293 -781 -3153 611 3243 637 -391 2453 3 -1033 -2843 -749 -3521 -483 887 -2667 7981 -3921 131 -3397 2495 -1767 243 869 1035 -1697 -917 -1315 2251 -4477 -987 -5381 -1773 -1885 -5279 819 5087 -5873 1203 1135 3927 -4501 -2085 6043 -491 -3 -553 4877 -2365 -797 77 3849 7295 -77 -117 -2303 -791 241 -917 205 -599 -2661 1143 -1707 -3255 337 3199 1231 -1743 -2393 6275 3153 393 91 -4025 2281 -689 1013 -919 -627 2079 -683 3049 -6347 -1785 5431 3061 -459 3
239 1361 387 579 143 -5069 10599 1167 -6559 -3647 -2183 -2643 281 295 -893 -2177 -4113 -2021 973 2689 2753 -1041 533 -5923 -4509 521 -3471 -161 -1081 -4385 5637 -2401 -2743 945 3141 -2327 5373 509 1933 -3467 -2755 -1889 -2445 -5227 -3633 -2653 1195 -3997 -1411 1033 5711 -6353 353 2019 1509 -1523 -3959 5911 507 -2075 -151 2939 -1973 -2109 3401 2681 7019 4075 3347 413 -1211 2897 -4541 -2347 -2715 -5415 401 737 -3911 2121 4999 -959 -5723 -37 4055 -757 -1175 -3759 -6627 3465 373 -655 3753 -2877 487 1979 1351 -6891 -4375 2413 3711 1837 4
3135 2057 -829 3785 -951 -10189 13475 -1187 -7187 -3217 -3997 403 995 -2847 -239 737 -4809 307 -1345 -611 -1785 1075 -1713 -467 -2551 91 -3701 -353 -1033 -3701 9941 -5519 -1395 -1605 2815 -6751 3721 1821 799 -3769 1089 -607 -557 -4905 -1309 -3867 327 -2285 -5691 327 1979 -4583 431 3221 5601 -1983 -2265 6839 -2727 4831 1573 4195 -2957 -2657 685 2655 5329 4003 2071 881 -2971 4175 -5049 1933 -2535 -7545 -1407 -1633 -6327 -3543 1585 -2355 -2239 -2303 4273 2073 1879 225 -7081 1077 -2587 727 65 -7705 -1365 -1261 -1641 -7729 -3167 4005 1561 827 4
5187 3165 -2265 1907 -1437 -11003 9733 1049 -5553 -3423 -2067 -3945 4433 -3567 -835 1573 -3005 2807 -1711 1851 773 -399 1701 -1719 -2089 -2779 -3569 279 -1261 -5577 3855 -4541 1919 971 2497 -3759 2219 1741 4199 -2395 613 -5141 -2727 -3877 -1139 -1341 -1251 -3115 -3901 -1739 6999 -4151 -1527 2781 8443 -1087 -3381 -49 -901 549 -19 7655 1481 1423 1707 6489 6939 4029 1219 -783 -3325 6977 -1787 -2617 -3185 -4801 815 -2155 -4931 -2425 7563 81 -6613 -45 5751 2375 -5289 -2277 -3325 2819 -363 -725 7225 -5969 -2775 -2947 1745 -10743 -1837 3513 3159 2135 4
2928 478 702 3746 136 -10656 8286 -2416 -6808 -1976 -2520 -4788 1156 4320 -852 602 -854 2374 -3408 4360 1908 988 2632 744 -5608 552 -1144 1812 -1912 -6644 4670 -4070 782 1434 5244 -1442 3832 3082 1424 -6182 -1204 -5554 -3728 -5168 -1714 -3002 -1894 -5160 -5834 -1860 9012 -6182 -2660 504 5664 -862 -1980 -208 -670 -988 534 3892 -50 -454 3640 4046 7646 1774 2200 3198 -3186 3188 -3712 -2160 -4086 -4164 3418 -630 -1984 -924 5142 1486 -4294 1220 2836 524 -8122 -2756 -4834 3902 1016 -882 5396 -3534 578 -1106 3796 -10414 -2654 4982 3346 2434 4
448 290 -2038 2798 -548 -4430 9854 -490 -4142 -1454 -1850 -2794 1932 -3728 -1292 116 -3364 700 -350 -324 -2650 1196 984 -3864 -4330 -1594 -5552 646 680 -6714 4656 -5264 -58 -74 3138 -5326 4754 -18 -1848 416 -236 -4642 2504 -4304 -2906 -5034 2914 -4230 -4460 -4 3994 -5834 2390 2100 5952 -2098 -850 2852 -3576 2086 -2136 2144 -3384 -1188 2764 1358 6158 4018 1080 2800 -190 3314 986 834 -2974 -3822 272 -2192 -3256 -1136 7534 2882 -6210 -1152 260 22 1818 -3050 -7658 3038 228 1426 -526 -4510 576 -1998 996 -5054 -1642 3186 2178 7310 4
850 -700 2800 3456 -520 -10800 14404 -1718 -3402 -3068 -1580 -3984 3992 106 -1772 -664 -3724 1534 -2530 366 -622 -1256 1742 -1486 -2860 -588 -3602 -1438 -1184 -5118 6736 -2022 1604 -132 4362 -4338 4276 2386 190 -3108 308 -5724 -2708 -3596 -3390 -4758 1448 -2312 -6162 2164 7412 -5388 1192 3420 6010 -1948 -2764 3120 -5366 498 1834 6084 64 -1716 -842 1202 5918 298 2990 2224 -2358 2126 -3038 2974 -2304 -6378 962 -2728 -5362 38 2626 -78 -3144 -864 4552 2476 -2876 998 -6970 4346 1118 226 -532 -6064 650 -2044 1910 -6198 -3534 1552 3802 2256 4
709 1439 2013 519 675 -4061 7139 -1381 -3187 -1133 -2275 1529 -1135 -3055 -3163 -2491 -4031 -947 1851 -931 -1749 2099 -2327 -3683 -125 -79 -2861 1497 1625 -2155 5409 -1115 -3029 -2029 2587 -1321 4543 -3391 1043 -1519 -275 1073 2045 -6891 -881 -2437 3857 -3999 -4497 2165 3973 -4949 1559 249 3945 -2829 -2623 2625 -1495 2223 137 3417 -1829 3285 -373 1549 4893 635 -915 1431 -1347 1457 667 1585 635 -5067 -939 -2131 -541 1 969 -2193 -2455 485 651 -773 2997 927 -8561 1429 -1375 2873 -751 -2361 -1631 1927 7 -3525 -1553 2905 -2663 1145 4
2802 546 1538 1298 -1312 -4798 12972 1524 -4772 -1300 -2928 -3110 -1756 -3050 170 250 -2904 -1272 2714 1730 2234 -168 626 -3560 -2756 -836 -2936 -780 -1358 -4004 7600 -3240 -2594 -2068 3366 -4266 1918 1176 1184 -2374 -1162 -3560 22 -5614 -2760 -3206 1810 -5278 -7076 2424 3394 -6040 804 80 2540 -2010 -4020 7362 -440 664 -172 5594 -1198 -2648 1724 1006 7788 1666 3282 1402 1460 890 -4216 -434 -2054 -6692 -2376 838 -6158 1118 5696 -790 -2630 -1736 3324 -2104 -1886 -1748 -6824 2846 1384 660 -872 -2970 -580 -2692 -392 -3950 -2878 1818 3638 1138 4
2072 -3076 2928 892 1962 -9514 9758 156 -3926 -2328 -2156 -6470 956 -1950 -2780 686 -1436 1912 -1754 732 -1206 -504 3588 -1904 -6272 -368 -1400 2270 -3714 -6846 6512 -4640 -1832 58 2758 -4440 4814 1940 2658 -2160 -230 -4090 -2012 -5270 -1078 -5306 1020 -4836 -4866 688 3498 -6770 120 1026 7280 -1364 -3476 -58 -156 2470 464 3298 -2176 508 1046 3470 7648 -600 4704 1254 -3612 -16 -3248 856 -3228 -7136 780 -2142 -4660 -922 2098 -1308 -5360 -862 2030 2356 -1838 -2760 -6342 506 -1704 1040 556 -4680 -558 1088 5432 -7384 -1304 400 3130 3772 4
4779 1551 615 6145 -931 -6009 10271 -2139 -1937 -5687 1893 -1645 321 -5727 -545 3659 -1145 -469 41 -2153 -1403 -447 401 -6389 -2025 -4027 -6253 419 -3461 -5055 9663 -2107 -4045 141 3523 -3985 507 -1353 449 1631 1161 -1535 3037 -349 -1527 -6047 833 -251 -7001 1327 1689 -3881 2235 2735 10503 -3331 -1705 4995 -2385 1761 907 5099 -1797 -305 171 2209 5011 -1515 -823 2455 -167 2283 -4645 -1017 -2295 -6267 -2213 -27 -7109 601 -945 837 -903 -615 5365 -169 -1059 2989 -8515 6543 -1725 3799 -4091 -1099 -649 -3793 1999 -3229 -5151 4485 907 1575 4
771 2455 3411 2527 -2893 -10173 12547 -1763 -2833 -3121 -417 -1763 2417 -433 -3395 1745 -3493 2641 -1133 -725 -127 -483 -69 -883 -875 -1425 -1187 -673 -375 -2803 6063 -4789 -1475 -2409 4471 -3575 419 -155 -159 -619 1291 -1075 659 -4117 -2379 -5635 4319 -313 -8341 1825 1219 -5325 1055 3203 7169 -4115 -4041 2797 -1647 5463 4639 2959 -4797 1225 -2881 4475 5771 213 2301 515 -317 2093 -5511 5139 -4931 -10845 -1017 -95 -4901 -597 4363 -3073 -149 -921 5243 243 97 2021 -6337 4403 -767 2855 -3715 -6623 -2053 -1739 5667 -3243 -2307 3807 2529 3415 4
2896 366 -1640 -2442 1906 -8294 10912 -970 -4022 -1722 -1676 -1644 598 -4080 -2352 1778 -6184 1162 -2060 994 28 98 1732 2264 -2738 -1894 -3880 -3500 -390 -2172 2744 -6508 552 1962 3860 -6586 5724 -44 1798 -862 -1266 -3768 -3772 -7302 -308 -2192 -1474 -2030 -2648 916 2592 -3608 -392 3706 2824 -1786 -3332 3078 -3202 2934 -482 3068 620 -2 228 4724 4020 1892 3890 1888 -2450 2586 -1650 688 -960 -7666 -786 -4760 -5580 -2936 5188 -2784 -4148 344 2072 738 -3352 236 -3652 1732 -1302 -424 1794 -7028 -3000 -2098 580 -9600 -3214 1608 212 3882 4
1349 2445 2081 607 -509 -4295 9581 1445 -3351 -3517 -2417 -2369 -1039 -2349 2603 -1495 -4343 -435 87 -1131 -11 -2495 565 -4775 -2143 -851 -2693 1197 -453 -3447 5467 -2575 -1731 1147 2041 -1873 1399 153 69 -1021 -901 -3157 613 -707 -965 -2593 2257 -4171 -4615 625 2607 -3559 1443 1467 3219 -2883 -2251 3331 479 827 657 2819 -2665 -3043 2247 1889 3933 639 2153 -263 -1187 845 -1309 307 75 -3735 -797 77 -1815 -613 2519 -39 -3903 -1601 2043 973 -669 -2745 -6519 311 -1303 1305 -1931 -1351 -2195 -95 -617 -4445 -1625 2283 1123 2427 4
3024 3340 2536 3044 -3054 -9756 14528 1154 -5760 -5460 -3084 -828 2408 -2238 234 2996 -3166 1102 518 2452 -2310 -1584 1116 -1466 -4124 -3676 -3636 -2334 -4424 -2278 6546 -4640 1438 2056 6850 -6900 1974 3006 1154 -2872 4250 -6192 -494 -5342 -3218 -3566 168 -1580 -9754 548 3088 -4898 2014 7660 8164 -2350 -2570 1690 -3456 2994 1398 4888 -3670 790 -1284 4848 8028 1186 1458 2952 -2110 1512 -6154 2590 -4820 -9632 -2086 -2840 -1824 -2778 6992 -1162 -1712 -690 9514 2178 -5096 1326 -6872 1836 -1534 1806 -694 -4246 -2728 -3096 1462 -8712 -3888 5572 3598 2490 4
3645 -1459 2341 2675 69 -6515 7865 1769 -4403 -123 -4563 -2175 511 273 -2585 -3581 -3375 -227 -2569 3147 -507 -677 -335 -743 -2857 1143 -4137 447 1701 -3901 5707 -5961 -645 -1527 1807 -3345 5915 2651 1819 -3129 851 -4111 -4733 -5237 -4229 -4401 2865 -3431 -2325 -1185 5479 -4847 1435 -2037 1727 -2959 -1723 2467 -465 1271 -633 1849 -2769 -4365 2659 5135 6221 1805 2837 2431 -435 1915 -1383 -2883 -2817 -4331 2991 -1575 -3729 537 6523 917 -2859 361 3227 671 -1025 -2061 -4235 1843 1493 -31 2757 -2147 9 1371 -431 -9493 -3835 5183 3503 889 4
5072 -1748 1602 4208 -494 -7924 5540 -3638 -4914 84 -3028 -2326 -2700 -3680 722 952 -1874 -2052 -1174 62 1492 502 -2358 -3542 -3356 -462 -4266 716 -3830 -3798 3758 -6056 -2572 -4 2426 -5292 5540 3222 1302 -4138 4062 -2732 1316 -4920 -1344 -3554 1074 -4722 -3630 -1230 1380 -4548 2770 1790 4554 -1164 -1404 -392 -4822 1684 -2206 -160 -3798 -1226 1850 3926 6994 2804 2806 -1392 -3412 370 1744 -280 -2834 -4350 -3022 -2606 -2400 -2524 1358 1914 -2668 380 -1528 -40 -612 -1080 -4144 -1816 -2898 -974 910 -972 -2014 470 -1662 -6486 -994 6214 4714 952 4
6802 464 1622 1722 16 -7236 10710 -2022 -3320 -3976 -2226 -730 1696 -3234 2182 672 -1630 414 -38 -10 -80 2928 18 -1104 -3804 -1214 -4260 1144 352 -5874 7934 -4230 -466 2158 4598 -6558 4962 3254 580 -2852 298 -4824 -2914 -3282 -3016 -906 -672 -2124 -94 1258 3988 -5930 3062 -140 2024 -2068 -1446 4748 -1464 1260 1062 2760 -874 -1530 1072 2628 5702 5104 3496 914 1638 3306 -280 -118 -5436 -4320 -264 1436 -3826 -1466 5770 -1860 -5976 512 3170 -784 2284 -962 -7480 166 -770 1518 -246 -4968 -128 -2204 256 -7112 -4964 4516 6872 3692 4
1899 -961 -425 1763 2489 -10469 9759 -901 -6159 -1947 -2831 -5979 -973 967 -1015 -1195 -2425 1323 -531 2745 1831 501 3687 -1149 -5083 2347 -1537 839 -2349 -3649 5823 -3455 105 -203 1253 -3695 1831 2935 1535 -6339 339 -5439 -5243 -4481 -2875 -2643 -2089 -6001 -2591 641 7985 -8483 -2093 -395 5049 -1309 -6341 1689 -929 -1213 633 2947 -1765 -145 3551 5165 7509 2035 3127 2627 -1901 1071 -3183 -3753 -2757 -5439 567 -1711 -4125 -457 5829 -1207 -4719 231 2777 -881 -5199 -4961 -3131 1403 1925 -187 4711 -4169 -1265 -1579 2009 -12945 -4039 2845 3671 711 4
3073 -527 -2063 2317 3789 -12409 11229 -1247 -3605 -4251 -2961 -6683 2553 675 -1021 1675 -2361 1289 -3959 2359 2029 -75 3151 -2391 -3087 411 -2009 227 -2731 -7913 3749 -3333 1143 1241 1417 -3407 4499 2567 3317 -5123 2489 -7271 -3693 -3487 -1299 -3417 -1507 -2055 -1799 945 7769 -5617 -1777 3237 6363 -1943 -5079 471 -1785 643 -365 4761 1397 -445 2521 2529 4643 3213 1413 1743 -4711 3879 -1913 -1833 -5081 -3981 1955 -369 -3733 -3371 5741 -323 -6703 1717 5573 3013 -6743 -5095 -5567 3331 -851 579 5577 -4005 -2485 -133 2417 -11855 -6457 4601 4885 29 4
4813 197 -4025 3161 395 -12363 13459 -1441 -6559 -5971 -3529 -523 1839 -5565 -919 1343 -4069 607 -655 -737 3 3381 2421 -1173 -1129 -4209 -5355 9 -3161 -5023 5121 -8753 1055 3207 2123 -6733 4477 4713 1401 -901 1123 -6265 -1421 -2891 -913 -2285 -151 -1573 -6659 3527 5819 -2741 -245 2061 4435 -4501 -1343 2787 -4827 3193 313 5437 1655 -2579 1355 6799 7027 3213 815 -1757 75 3323 -4079 791 -4989 -5793 -905 -5585 -5719 -1255 4531 -1023 -4413 -1767 3439 -787 -6709 -1637 -4525 4035 -1971 83 2381 -7813 -2187 -3345 -175 -10641 299 4349 1861 539 4
3021 1097 3879 3125 -633 -6891 12841 1107 -4397 -2123 -4021 -3163 -539 675 -1339 -615 -4669 -2131 -391 2725 -717 993 1375 -3635 -3403 -1267 -2035 -61 -957 -467 7299 -7091 -1015 -851 5865 -2885 2657 2591 -721 -3797 -1291 -3067 -1213 -6493 -4173 -4983 4093 -4849 -8505 381 5875 -6007 823 2169 1579 -357 -2887 4539 -2935 1841 21 2641 -2331 -3701 405 223 7713 1245 3001 2475 -717 2053 -4467 1657 -1091 -6641 -1475 -2103 -4739 1097 3595 695 -4841 -2323 5445 -41 -2743 -783 -7533 3593 413 715 1049 -3157 857 -115 1611 -8111 -2883 2797 4021 665 4
3297 -105 3595 2719 -1255 -12691 14639 793 -5159 305 -5323 -1855 2813 -4175 -2655 -613 -3333 1095 -3367 -173 -2145 1215 2867 -3183 -2371 -1441 -4623 149 -2331 -2361 4349 -6635 -897 837 3751 -3345 3893 1197 -207 -1527 -1315 -4045 -649 -4827 -4145 -3517 -617 -4807 -5127 193 4697 -6177 3915 3935 3751 -2383 -3367 3897 -3065 6427 -531 -481 -1153 -3527 181 3385 4123 4057 5033 2607 -3057 967 -729 631 -4227 -6117 -75 -3691 -4065 -2471 2673 -11 -5783 -2891 1183 1531 1539 -2787 -3795 2527 -2181 -427 163 -7155 -1303 435 977 -4191 -2971 3595 2645 5905 4
2426 -858 -1776 364 1016 -11034 12156 -1038 -5542 -2652 -462 -4218 1560 1224 -294 -392 -3606 360 -1554 1264 2644 -520 1234 -1468 -4038 1644 -4884 1724 -1568 -5012 8310 -4398 2324 -2178 3228 -4518 4362 2082 3210 -7036 1250 -4970 -4568 -3612 -1772 -3854 -2356 -3874 -2872 842 8696 -5262 -1332 598 2546 -1658 -4514 3510 -2622 -1042 -1170 4456 -16 -2144 3492 1658 7580 2754 1142 2352 -4120 4056 -3674 -3162 -2852 -5970 864 -3766 -6088 -202 5582 -1076 -6562 -376 5674 1106 -2886 -4438 -3606 1042 -242 -892 7834 -5194 -102 -764 1460 -14486 -3376 4078 4216 36 4
1341 769 431 1719 295 -11239 15001 -653 -4549 -3739 -1723 -4411 253 -441 -907 65 -2351 1665 -2297 2791 1769 -2253 1209 -4043 -5717 581 -3579 1261 -757 -3229 7523 -5519 -1731 1745 5461 -4209 3829 2749 1 -4513 403 -7151 -6023 -4855 -4413 -2817 1607 -4749 -4563 1539 7645 -6361 421 2863 2545 -1231 -4757 2353 -1137 1629 685 3061 -4177 -2489 2475 1417 8097 2547 3533 2009 -2133 2771 -6009 99 -3225 -7539 1531 -657 -3911 -2653 5357 -265 -6425 -1533 4805 1547 -3073 -2155 -7607 2193 161 -181 1181 -5511 -583 -1583 1159 -12311 -2085 4649 3805 1323 4
4125 -1469 1609 3859 2123 -13569 13227 -657 -3973 -2763 -1893 -4775 -565 1407 -699 -93 -2597 3547 -2607 4151 1811 -1675 1919 -1833 -5129 985 -3953 -1673 -523 -3059 7335 -4881 39 1431 4769 -5881 6307 3833 587 -5837 -757 -6919 -5639 -4011 -3679 -5089 -175 -4333 -4191 637 8647 -5571 1171 4801 3281 -1859 -6213 2465 -1537 87 285 4069 -1505 -2147 3397 3189 7781 1453 4395 2199 -2147 4811 -3625 -811 -2855 -4661 3753 -2733 -4545 -555 4157 859 -7311 -1103 5659 1567 -5177 -1953 -4513 2979 -457 -1553 5827 -7429 391 -1581 1113 -13927 -5225 4915 3851 149 4
847 1445 1567 -2647 -345 -8933 11871 -23 -4297 -4201 -2079 -3965 1511 -1025 989 -2381 -4381 -1101 1891 2681 741 -1345 6275 -2733 -5029 289 -3949 1757 -1621 -6339 3629 -873 793 -263 1313 -2141 5195 757 2973 -5465 703 -4607 -3183 -5585 -2615 -165 2481 -4213 -1987 -1193 7685 -10215 -77 3161 6403 -4331 -5555 4983 -2699 -1875 2667 2323 -523 -2335 2137 3323 8927 5223 3085 -927 -3267 2417 -1497 -1601 -2579 -4611 -771 -585 -2199 2439 3383 -679 -5481 1363 3913 1777 -3301 -2883 -6569 3343 -327 -1025 7199 -4321 -967 883 1311 -7743 -2719 5191 4195 425 4
3818 672 5384 3728 -1864 -7832 12116 -2644 -2746 -3056 -2406 -3308 1822 -462 -1752 1584 -2646 -2658 -2092 2342 -3012 2254 -1748 1558 392 -1776 -3130 -600 890 -3332 2788 -4836 294 -1062 5522 -4216 4634 536 862 -4750 2954 -3712 -790 -4112 -6906 -2274 -2322 -1332 -4462 734 4946 -3898 3340 866 3586 -1036 -3914 4520 1112 3524 2578 2992 -1504 -430 -1660 1266 7394 1156 2436 316 38 588 -896 1916 -2922 -6162 1250 2444 -3320 -4020 3056 1130 -3896 -1208 5336 680 -2394 -2630 -6136 -1362 -418 -2446 2034 -5174 998 846 288 -5608 -3364 1756 4172 1230 4
3824 2044 6582 4952 -3902 -9466 12642 -604 -4646 2488 -3046 196 1572 -1526 -3496 184 -956 280 -4464 966 -4312 -1690 776 -2852 -2774 -2416 -5318 278 204 -5308 6472 -4474 -2026 -1430 4900 -1760 3426 1554 28 -1894 -394 -2604 -608 -3032 -2178 -3716 3726 -4184 -9078 -2112 3674 -4776 -1208 2330 5482 -194 -2288 1850 -1234 5000 502 5512 -2376 -2358 -390 2096 3250 1718 2276 3662 -454 744 -2784 866 -4150 -8632 390 -2902 -3580 -4516 3182 546 -1452 -2120 4864 -354 1648 -1316 -6180 2992 -2786 2226 -2970 -7108 384 -1718 1860 -5056 -2578 4082 2016 3106 4
4092 770 1038 4780 784 -11852 10268 -448 -4978 -4432 -1724 -5146 196 2154 -1994 1930 -474 2392 -3220 4180 284 -1054 2274 -2424 -4516 -1986 -714 -20 -3732 -6594 5026 -5348 3318 596 3224 -2590 2434 4426 1828 -5032 1068 -8480 -3660 -2794 -6272 -3202 -4284 -4456 -7478 688 9628 -4570 -2574 4744 7068 -984 -3952 -812 -3940 624 1424 4992 -2584 -1362 1576 3444 5862 846 2182 1382 -4368 4490 -3980 -1702 -4702 -4824 2908 50 -3828 -3748 5050 -390 -4680 -208 6270 242 -5100 -3894 -5592 2316 -2590 -340 3832 -2778 -28 -3310 3014 -10228 -5124 5058 6028 -366 4
3082 636 -412 -662 2418 -7966 8940 1112 -6872 -4564 -4142 -6280 1072 1334 -1698 530 -1864 1314 -356 3778 4430 -904 1556 -3216 -4304 362 -2588 -580 -2636 -6634 3870 -484 -368 -308 3956 -3490 3612 1686 2094 -5480 -1158 -4564 -6378 -3726 -3846 -1870 712 -2070 -1670 74 7750 -7030 1692 3382 2940 -978 -4336 1932 -564 -2278 650 2948 -156 1896 2198 3014 7154 2570 2622 2384 -1014 2202 -1858 -2358 -2658 -5326 2026 -510 -2862 894 6696 564 -5930 -64 4100 570 -6038 -3688 -7836 3706 402 -406 3700 -1852 138 -102 2798 -8892 -5242 4798 4752 -94 4
4557 2289 2727 5307 1973 -8761 12723 -997 -5805 -3057 -3813 -1589 579 503 -135 -411 -3605 2451 -559 2477 713 -13 2323 -591 -3683 227 -3123 -1717 -1713 -3501 8625 -7055 -777 1437 5107 -5179 2503 2617 509 -4289 2345 -4217 -2739 -7435 113 -3587 1579 -3659 -6263 1393 5925 -5895 535 3437 2079 -953 -2627 1949 -2203 2367 817 3123 -2943 -3737 2065 2909 6887 2617 3437 2319 -1379 3953 -4307 167 -1971 -5819 179 -2899 -3717 -2735 5765 529 -7263 -2567 5329 1687 -3617 -2033 -6479 1117 1179 -2807 2765 -5613 -817 -625 2441 -9367 -4987 3979 6605 1471 4
3450 -46 2178 3164 -1412 -10838 12016 -2332 -5000 -2644 -3740 -2796 -950 270 -2552 -636 -2462 1080 -3332 2288 -3582 3936 -46 -54 -6136 -1054 -1804 1554 -1706 -4920 4306 -6764 -2710 136 3248 -6740 -1166 1986 2986 -2194 1284 -2836 -788 -5408 -2996 -5334 -894 -6160 -8274 106 8150 -4830 -178 1962 7002 -4154 -3558 4822 -3074 2554 4638 4538 -1330 -4070 -198 4288 9392 2488 1318 1112 -3604 3644 -1240 -4204 -2896 -5716 -62 -8740 -2270 -2292 536 840 -4718 -2084 5176 1670 -6386 -3392 -6444 1476 -346 -1348 3844 -4834 -286 -44 1748 -11288 -4042 5294 272 1272 4
304 1024 114 626 792 -7180 11686 0 -4584 424 -3694 -3202 4178 -3164 -2272 -1842 -6872 784 -2492 2128 -848 -2792 2034 -4300 -3592 -2508 -5028 -154 1350 -2670 5320 -5092 -1014 -1004 4966 -3300 2374 84 -3528 686 316 -5122 156 -5072 -1768 -5440 3304 -1742 -7154 3386 5184 -6664 1718 266 2978 -2086 -5488 3736 -2728 3800 -320 2258 -3632 -2150 46 812 8154 4138 2706 -226 -272 376 -2806 4242 -2142 -7294 -3478 -2528 -9040 -1908 6370 -1424 -4200 -262 3036 284 1498 -728 -6346 5392 -182 2800 1122 -3912 -1568 -2172 -158 -5882 -1064 1542 4586 5936 4
1799 1425 1801 1419 -1237 -1569 9277 23 -4579 -5065 -4477 -1385 -227 1089 -785 375 -4483 429 265 1121 1397 2195 -17 -3143 -2887 -1101 -1919 -3009 -1569 -1373 5063 -3455 -2491 -1077 4475 -3309 4615 -539 587 -609 -1073 -3305 -1209 -5287 -1873 -2773 1687 -2027 -2697 719 2953 -2243 955 965 1965 203 -309 7053 -303 245 -47 2067 -1921 -3749 -211 2341 5729 3359 1981 -661 1073 877 -3825 -1979 -1445 -6577 313 -1589 297 633 2491 323 -4637 -1931 2095 829 -2445 -2065 -5981 2991 1537 -1105 1373 -1149 427 -129 1693 -7397 -4755 1843 3453 1397 4
1114 -832 560 3506 -12 -7712 10030 -474 -6080 -3914 -2748 -3878 1398 -4102 746 -3122 -4924 148 -696 2398 1130 -2488 1066 -4692 -2722 1774 -4278 560 -1990 -5584 6794 -5074 -2308 -1638 3502 -3316 4864 784 3448 -3954 -162 -4322 -1700 -5844 -1624 -5128 1578 -3772 -3500 2028 4572 -6026 588 -2584 3036 -1966 -5948 1992 -1256 -36 -762 2394 40 -1766 3348 3438 7746 2304 4056 354 1708 2854 -3718 -2128 -3056 -5082 -280 -1958 -5064 2368 5756 -1662 -4290 -798 2794 694 -4244 -3550 -9044 4752 126 722 2982 -1504 -2058 506 1550 -7608 -3042 3362 2944 1606 4
4742 2752 2624 2314 -1166 -7044 11770 -314 -4854 -3040 -4834 -1778 1384 -520 1066 -3116 -5642 -1304 -1402 -442 708 -160 580 -6282 -1942 -2458 -2164 -1676 1472 -4914 5502 -4256 -2700 -712 5078 -2764 3424 1694 2170 -1952 1914 -3590 -1176 -4730 -2410 -3664 2376 -4760 -4530 2830 3274 -8770 -112 -1250 2828 -3656 -5852 5106 -2518 2600 -2764 4332 -1404 -3280 2016 1512 5446 2798 3226 1178 -1170 2074 -3326 -508 -2428 -6674 -1150 -984 -5770 2162 5100 -626 -4838 -174 2404 -874 194 -1638 -7960 2766 206 -58 1640 -3180 -1246 606 1348 -7798 -2944 2242 3394 3500 4
2734 -600 -268 2030 -1164 -2990 8056 2358 -5896 -2954 -3182 -2580 -684 -3156 -1558 2254 -1990 -3560 500 2282 -1012 -1122 -876 -2070 -2850 704 -1218 382 -1034 -4660 7380 -3018 -1032 -2020 6356 -5556 5272 -614 2780 574 -1010 -3848 -3168 -2200 -3286 -2624 1760 -4974 -3568 -1782 3746 -5404 -188 -1436 1516 -1494 -4034 3986 -164 320 -2056 -1854 -1830 -6862 -768 3394 6446 2788 3252 1610 740 3908 -3854 -2246 -2422 -5432 34 -2834 228 3266 3494 1906 -3120 -3618 762 -1214 -2238 586 -6226 1290 1024 -1028 1070 -1186 -2710 -2624 -758 -6906 -1042 6246 3880 2870 4
2696 1416 1374 3418 -388 -8478 10916 92 -5738 -4152 -3086 -1202 1406 -2178 -150 760 -4398 -582 -530 506 -536 -72 754 -2710 -3442 -2214 -2714 172 -280 -6184 6134 -7200 -270 1002 5272 -4062 2146 2514 -260 -3390 -1366 -5090 -1790 -5142 -2078 -3528 1638 -4496 -7082 2950 4378 -5630 1734 1382 3340 -2198 -3866 3616 -2576 1818 632 4526 -1792 -1176 1554 3116 7674 3600 1776 1386 86 2364 -4030 1220 -2580 -5646 152 -1162 -3904 -456 4096 -1848 -5212 -568 3542 1848 -1854 -102 -6700 3274 -506 -130 338 -4222 -772 -2210 1698 -7996 -4566 2466 4448 2924 4
2402 -424 2538 658 2278 -5514 5994 -1206 -5084 1692 -2278 1012 -1540 -1408 -1358 -2366 -2562 -640 -2680 -146 -2814 1692 1256 -4688 -2248 -1278 -4692 -8 792 -2374 7576 -2424 -2360 -2400 1900 -2304 4880 -2492 2116 -1320 742 830 2848 -2602 2216 -5782 1590 -2032 -3732 2750 3662 -6584 322 -2608 5382 -4840 -4436 5840 -3032 636 1242 1798 -2182 -1526 -794 2326 3804 2398 2054 454 608 898 -2222 -1948 -2772 -5080 -2204 -880 -3636 3366 -1692 -4296 -894 -1224 868 2760 3980 678 -8226 688 -3860 2168 -2226 -2886 236 170 1558 -3390 -2446 712 -968 892 4
3747 1749 1239 173 -1215 -4465 13269 -355 -4391 -3313 -3905 -871 2293 -4009 -81 1443 -2513 -1587 -679 575 -2601 745 891 -1403 -3725 -3419 -4971 -2687 -799 -4881 5407 -4369 -391 1831 3139 -4073 2505 789 -73 -4193 1301 -2837 2295 -5287 -2727 -4203 4219 -1877 -5711 4595 2941 -7757 2549 2433 4015 -2117 -4577 4441 -2865 -1841 1081 2909 -1883 749 907 1723 7077 5237 1911 531 839 3915 -5709 2933 -1389 -8811 381 573 -3767 1915 4123 -2429 -5149 293 4487 4209 -2405 2459 -8669 1189 2691 1861 2047 -4175 107 -491 611 -5261 -6275 1979 2269 3321 4
4272 506 2172 1334 -374 -12920 11992 186 -3778 -3844 -3166 -5806 1522 2188 606 886 -4002 3122 -1444 1896 1166 -1820 2218 -1914 -2704 290 -872 -1364 -1836 -1726 6350 -4214 2020 80 2916 -4114 2126 3748 3068 -4694 -424 -5552 -2352 -5592 -968 -356 -1580 -4738 -6122 2326 9264 -4580 -94 4278 6166 -1012 -5920 1628 -3266 2476 1506 4582 334 -368 -580 4706 6608 406 2224 1598 -2670 2138 -3526 28 -2966 -5324 1530 -2376 -4660 -2088 6298 -2900 -7580 -2398 6954 1888 -6326 482 -5110 2438 -888 -484 3096 -6444 1564 -4702 1134 -9544 -4356 2906 3514 3084 4
1531 3621 -2675 2839 -2563 -4787 8003 -2887 -3619 -1847 -1189 863 3861 -1373 -2333 -433 -2231 849 -905 823 -1509 -2493 -1025 -4727 1359 -3279 -4265 -893 1981 -5993 5717 -957 -611 859 3051 -4269 4521 -585 2585 -791 -3813 -4027 -1891 -1155 -3991 -4307 -2977 -721 -4887 -997 2391 -2923 1479 1757 6319 227 183 1641 -1421 4443 1797 2867 2269 363 1329 2695 5033 3693 1895 -149 503 2971 -3569 -3451 -887 -3805 3741 -3723 -3335 -1503 4751 -963 -2677 1721 1439 4043 -79 -2655 -6403 5679 -1407 1933 2103 -4975 -2343 -341 1741 -7937 -2457 4295 2183 1071 4
-1997 1533 1795 1071 -559 -2223 11217 -519 -5299 -4313 -39 -2801 -519 -1733 -777 -2077 -3591 -2017 927 841 221 1903 -1139 -4135 -4043 -1021 -3983 485 -1401 -2951 6213 -2949 -3077 -575 3833 -1163 4929 -113 1273 -1799 -1805 -3257 363 -4735 -4217 -2967 3063 -4381 -3385 2227 3591 -6103 711 1307 1549 -3487 -2461 7195 -239 -1407 -913 4345 -3471 -1293 1513 697 5285 285 2005 -1777 2091 2203 -2921 -307 -1677 -4707 1093 1969 -3731 3103 2393 -2201 -6093 -785 3523 -1385 1189 2431 -7453 3271 -593 4385 -1285 -663 1175 -975 2659 -2993 -3047 3797 879 3691 4
3482 1490 2480 4696 -1108 -14918 12798 -364 -3812 -3756 -2204 -4854 4076 464 -3328 840 -1684 2822 -2520 120 -2774 -1074 2734 2418 -2812 -1968 -2546 810 -5252 -5432 4886 -5102 1958 1278 5548 -3380 1374 2558 1818 -5732 4118 -8192 -1566 -3962 -2012 -5014 -2386 -4218 -10220 -32 4588 -7296 -344 5820 8484 -700 -2850 -1216 -1542 3716 2398 3902 -3304 362 -1892 4020 5920 -2978 1982 3960 -2570 1576 -4188 3674 -4282 -6100 812 -1704 -2064 -3246 5566 1860 -2420 1032 7674 426 -7516 -486 -7162 2926 -1116 576 988 -5250 -44 -3156 2664 -8206 -2522 5618 2994 1806 4
2176 2988 -462 1528 -444 -6764 9532 -2128 -3798 -3516 -2228 -3414 2846 -2798 -74 714 -3788 -744 1580 352 54 1392 1328 -1034 -2310 -902 -2282 -158 -1216 -4228 4990 -2112 -1456 -974 3662 -3580 2028 438 -1010 -2788 1074 -5338 -940 -3538 -816 -2188 12 -2992 -5288 1536 3994 -5086 1800 96 1622 -1708 -3062 2942 -3060 1054 908 1342 -880 -188 2256 2836 6434 580 1614 1492 -1122 1932 -2650 -78 -3498 -5376 -3116 -3660 -6790 -56 5368 1184 -1130 656 4656 -188 -3416 2502 -4806 780 -300 -370 -150 -6966 1204 -3176 1650 -5732 -514 5346 4462 3294 5
3705 -3181 6009 3097 -1295 -5821 10245 107 -2731 -799 291 -4123 255 457 -2493 1179 -3679 -5451 2691 3313 877 1177 1261 -1535 -6889 1197 -6627 -1135 -2081 -1171 11517 -7499 -4837 -2279 5593 -3945 6019 -1377 3845 345 -5511 -3399 1423 -6239 -7411 -9593 1829 -2543 -8359 2599 9885 -1533 -263 -1323 4363 -979 -3767 2381 -1675 5481 -2163 5297 -1561 -5659 4549 4369 8983 849 3441 5841 1571 -1495 -1589 -1207 -1275 -7185 831 1015 -2579 -1453 3829 1995 851 3169 695 2937 867 -1633 -6015 3901 -1613 1757 -967 1315 639 1903 1455 -13439 -4835 987 3363 1167 5
6532 1342 3624 2230 1596 -8684 11878 -2258 -7740 -1528 612 -3082 -1628 -192 732 -1150 -2962 -6578 2656 1860 -2514 4156 -1628 -4314 -4148 2474 -8412 1320 1854 -3214 12154 -2128 -6062 -3520 5208 -7550 5458 2618 520 -812 -4314 -3334 160 -2892 -5552 -8748 3238 -2386 -6068 4906 6716 -5478 4888 524 3394 -4972 -6262 5238 -2272 1006 720 2110 -6840 -3582 3660 2416 7752 2520 3234 726 3790 698 206 1274 -1196 -6828 -940 2176 -5486 604 6354 2414 -372 1626 1746 1002 3612 1186 -6420 -500 -1172 2522 -1110 -3406 934 1522 24 -7656 -782 4572 3192 2206 5
3835 2011 949 3007 3941 -12429 15307 -2781 -9375 -3731 -1909 -8979 529 -1415 -2151 -1927 -2151 -689 105 4817 1759 -1977 1697 -1683 -3209 2795 -9121 -1219 -3313 -10191 7949 -6077 3735 -2581 1713 -3933 6889 1675 2791 -5643 1809 -6675 -2611 -7141 617 -6261 -1499 -933 -5859 -805 8993 -4947 -583 351 8765 -2053 -5863 3727 2781 1441 -1283 5225 -585 1319 2149 8037 9617 3257 5103 73 465 2907 165 -2731 -4447 -2089 -1601 13 -5961 -265 8295 -2159 -7941 2481 3209 163 -1827 -6365 -6031 3053 -757 1559 4569 -5559 -2677 75 2575 -13661 -7107 5525 5201 3181 5
1358 -2160 1330 1260 804 -3972 7016 594 -4480 1064 -48 -1982 -954 -3534 170 1940 -4590 -1568 1268 1372 -1010 460 -2028 -3496 -2516 -246 -6750 -378 1512 -1630 6708 -6284 -5362 -2068 4036 -1714 3432 -1120 3480 -526 -1760 -2942 1572 -4050 -5790 -3956 2272 -2072 -5796 262 5630 -2916 216 994 926 -1324 -3684 2918 -750 1066 -934 1498 -3348 -5386 4504 2730 7468 1886 3530 1976 296 -546 -630 -1902 -2626 -4572 534 -884 -3898 1936 5342 -804 -1868 850 2656 600 1910 -1182 -5024 1516 -2440 682 -782 -554 276 480 1682 -9920 -4744 2242 1970 2850 5
2175 727 943 1823 -837 -4277 10699 -943 -5417 -1915 -1925 -1305 -423 1075 -3161 -939 -2735 -2817 -457 1089 -219 4637 703 -1285 -5255 -1279 -3749 -1269 -1153 -2049 5817 -4749 3325 -1143 3647 -3055 5415 2421 879 -1315 -3361 -4185 -2563 -5019 -4003 -4883 1255 -5649 -4549 -439 4697 -6789 587 -1027 2303 -3003 -1071 6707 -2181 -415 229 4283 -3697 -1599 -307 2781 8233 461 1223 2909 -2117 -449 -2331 419 -4415 -4537 1031 1171 -3757 -541 5179 -1811 -2637 121 3205 -843 -1613 -113 -3719 1551 1043 -183 2725 -5191 2257 -407 175 -8399 -3561 2287 5419 2243 5
1635 -815 1265 3165 727 -2089 6115 1609 -4039 -2301 535 -1369 2667 901 -1985 -1269 -2373 -2705 1213 1275 1313 21 195 -2429 -2795 2971 -3027 955 821 -4081 6281 -2391 -1241 -1827 2961 -3397 4399 959 1717 -1439 -3625 -3399 -615 -5159 -2063 -5497 979 -1207 -2961 2531 4273 -1119 -1431 -2141 2643 763 -3701 1951 -159 -2073 617 4577 -849 -3379 2257 -279 4837 663 2433 1655 -417 425 99 -2099 -2731 -3445 1623 1829 -1977 219 2609 -581 -1697 -247 73 1785 805 -675 -4151 2783 -1061 525 1473 -909 -959 377 -1099 -6165 -3449 -961 1465 645 5
2581 -2275 5773 4245 1657 -7251 9177 1355 -8091 -1795 127 -2851 -439 673 -4767 -419 -3661 -3303 155 2745 1211 2939 667 -3813 -3595 3411 -6311 2745 -1593 -5651 10615 -5287 -4883 -6463 5125 -3629 8349 -847 5089 769 -5461 -1905 1539 -6891 -8051 -7815 -661 -3945 -7125 3249 9061 -2993 689 -2407 3835 1611 -5011 5189 237 1547 129 5387 -3265 -4779 4449 3177 8843 -299 3275 2241 463 -1407 -1179 -3485 -2055 -7349 -2639 1347 -5627 1415 4207 783 -1981 -217 2479 2619 -615 823 -9115 3273 -2427 1975 1619 1051 623 4689 2067 -11459 -4943 3421 1995 1911 5
2425 881 4373 4109 -541 -6785 8677 -183 -4495 -1669 -5 -5769 667 781 -843 89 -2813 -1929 -373 2025 2417 747 1655 -1843 -3467 -1189 -2893 1031 -2733 -5847 9331 -5021 -1331 -3859 4561 -1329 4369 -211 1011 -3201 -709 -5033 1359 -5541 -6007 -5329 -2221 -2369 -8937 1709 5157 -5823 707 -699 5935 -895 -4555 5561 -1747 -357 687 2803 -1743 -2225 3673 3933 11039 537 2939 3211 35 33 -3779 197 -5191 -6771 -583 2783 -7541 2285 6333 1251 -4607 1299 3923 643 -2477 -761 -5141 4531 291 1799 2617 -1877 2441 -219 4103 -8509 -2423 4173 4437 1343 5
4602 1162 1402 3316 1844 -6724 10416 -1650 -6510 -2026 -2474 -3376 1510 1902 -1746 -474 -3024 -1218 664 1390 876 138 1194 -1034 -3920 -20 -5546 2318 -1950 -4218 8726 -2770 1082 -2894 2204 -3622 3488 334 1252 -1256 -1448 -5276 -298 -3830 -3418 -3394 1238 -1610 -7654 4964 6902 -5088 950 -226 6448 -1318 -3350 4810 584 -848 -468 5424 -1650 -444 1816 3036 7712 1652 1210 1062 2570 -410 -1718 -300 -2108 -5128 -4834 384 -6468 504 5726 -1984 -1570 648 4782 -656 -1376 494 -6510 1858 1366 2806 2674 -2062 1858 -402 1898 -8886 -3552 3348 3092 3304 5
1276 -2532 4874 2016 -2686 -1576 5694 -74 -3226 -334 -2108 392 -964 -636 -1682 2040 -2800 -5830 -1646 2676 -58 2456 -454 -2906 -2572 1212 -30 1120 1762 -186 6690 -4808 -3426 -2718 4842 -3330 2770 -554 2648 -344 472 -2576 136 -6110 -6008 -2674 -500 -2460 -5918 2388 3484 -3580 372 -1280 410 1042 -2944 2608 -116 -232 254 1698 -618 -2828 2170 -528 8046 880 1652 2706 -186 -234 -1060 -1328 -2880 -6624 -658 3938 -5478 1514 2434 -230 -1014 3330 2912 -866 -362 3512 -4880 898 -696 644 1590 -928 1242 1504 1218 -7994 -2486 1124 1822 726 5
-1658 -472 2210 460 -286 -4282 5466 -2872 -4774 -80 -1960 -1686 -630 336 -4232 350 -520 -848 -142 2760 270 3068 794 -2872 -2558 438 -1866 1770 -514 -858 9872 -3340 -2506 -1896 3588 -1758 3564 1826 -1358 -722 928 -918 -64 -3616 -3578 -2596 -1690 -6634 -7230 3822 5838 -8940 336 -1758 -406 -494 -3644 1662 -2614 -1796 1514 1626 56 -1738 2884 -1928 6742 1750 -1710 3892 -652 -1450 -2448 1748 -634 -5524 1830 1634 -6076 5256 4444 702 -206 -974 4476 2444 2926 1962 -3024 1776 -1644 -744 1174 -886 3128 4672 -1360 -8970 1026 1838 2330 534 5
4709 -687 4397 3585 343 -10811 15303 -1207 -7105 -4259 -2193 -4223 -43 1059 -2669 -507 -5285 -2329 837 2327 489 1151 2671 -3329 -7033 1117 -6105 -765 -129 -3903 12527 -4455 -3433 -2955 5285 -4713 6941 823 2881 -3133 -1713 -6239 193 -8487 -6491 -8259 917 -5339 -10255 2279 8431 -7933 211 -513 5477 -3547 -8211 7043 -2753 -971 1963 5039 -4277 -1931 691 3181 11775 3349 8443 2051 441 2069 -5987 879 -2575 -10219 -159 1837 -8693 1839 7519 -763 -2067 2889 6049 2611 -3581 67 -9605 3005 -1277 1139 769 -4481 2243 657 1715 -15567 -4255 6175 3211 5367 5
-11 -2247 -647 3029 -691 -2483 9853 -293 -4007 -807 -2907 601 -1727 3455 -1143 1017 -2037 -6291 -2053 1413 831 4487 1803 -2655 -5821 -2361 -3137 759 2863 -431 10125 -3821 -1983 1353 3401 -5059 3263 -275 -719 -577 -2273 -2249 -1113 -5991 -7197 -2999 3219 -3903 -5897 1901 5565 -3087 2975 -1313 -3213 -1817 -4907 6611 415 -3931 -923 1905 -3577 -5671 4171 -823 6093 215 1517 2245 -2639 299 -4175 1299 -865 -6549 -41 1059 -5021 2511 3773 -579 -2079 1761 5211 -299 1149 1763 -5155 -643 -2159 -979 5057 -353 2677 1707 -907 -10663 -2249 2035 2023 4063 5
1911 -121 5093 5435 -2039 -4615 13869 -2803 -5983 -2579 -1041 -2875 423 273 -1129 2499 -5213 -2361 2201 -951 -2405 1937 1357 -3049 -3199 -721 -4529 -823 -1713 -2117 9855 -5375 -2523 -2697 6875 -6189 5205 1151 1321 -961 793 -3403 3317 -6011 -6869 -6979 -1693 -2773 -8475 2963 4615 -6349 2177 719 5247 -983 -1373 7085 -1061 1369 1903 4155 -6789 -1733 -1697 3925 11707 107 4065 -621 3281 393 -4221 2325 -5297 -7627 501 1579 -4815 1789 5443 887 -1873 -41 5855 1909 791 -169 -7637 2179 423 -479 -637 -1643 1629 -593 2081 -8771 -2011 5263 4337 1303 5
4308 2344 1962 3440 606 -9048 11232 -1666 -2160 -1272 -3408 -2214 1508 -836 -908 -234 -1476 2152 -1056 2026 -3002 784 -294 -2544 214 1550 -4616 -2982 -892 -2456 5508 -2328 3582 1316 672 -5110 3612 2486 -8 -2092 2758 -5950 -1444 -4720 1694 -4602 -76 -2698 -6314 2540 5336 -2664 550 2762 5372 -4462 -3524 5954 54 2270 -38 5568 -2416 1214 -704 5206 5472 784 -130 688 -336 -488 -454 576 -486 -2966 -306 -160 -3594 -1448 2980 -2070 -946 -1956 6350 -1630 2 -510 -5656 2082 -382 866 1030 -4178 -390 -2958 288 -6746 -2594 5160 1694 1464 5
3171 -977 5875 4573 -1585 -5859 11535 -291 -7797 -2753 -3 -5791 -415 -1059 -2625 -1267 -3319 329 3875 229 3675 -2223 1015 -2689 -3145 647 -5329 1225 -1591 -4989 5527 -4139 -1203 -5101 7277 -2229 471 721 5557 -1463 -1721 -5329 2085 -6255 -2435 -5795 -1281 -3113 -4495 1075 2795 -4005 -643 1537 7059 -153 -3589 1161 305 1751 2263 5029 -4069 1073 627 2919 4711 -251 3067 1805 2577 -299 -2961 -2277 -3695 -3885 -1651 475 -5389 1037 6659 2215 -1983 -1189 913 2425 937 229 -7861 1323 -837 1811 651 -79 611 599 3551 -5907 -4385 3343 1223 3565 5
2423 649 -61 477 -3405 -3317 6055 67 -5731 -3995 -4697 -3897 1139 329 -417 2365 -5197 175 487 1847 3089 1369 1737 -1643 -3819 143 -2519 -217 1185 -3617 6117 -3909 -139 -177 3061 -693 2671 1773 1595 1461 -1737 -3589 -1051 -5161 -1031 -4109 -1427 -4807 -4015 693 3559 -4811 -469 -1621 3935 -1161 -6941 2931 -2323 -1001 -1127 3231 -1361 1061 983 3503 7163 2099 201 -737 -1297 963 -1847 145 -3553 -5331 -431 -545 -5689 2363 4963 -639 -2445 -253 3737 2629 -229 1909 -1187 2817 809 1905 3013 -2765 1575 -325 2471 -8317 -4935 1223 3903 1645 5
-3063 -843 1171 47 3433 -6235 7043 -1 -985 -3315 -841 -5677 -2115 4461 -3439 -1039 -1541 -1421 -2745 4489 1819 705 1499 -1811 -5159 683 -3741 1583 2243 -1553 6071 -1755 -1997 2253 3509 -881 5029 1999 625 -1607 -2663 -1253 -2273 -6063 -4725 -2025 567 -4917 -955 619 6715 -7267 -1465 -109 -867 -1303 -5379 5953 -2043 -1945 1171 -291 -2187 -637 2327 -741 5433 3173 3031 1635 -5711 3383 -2173 -93 -657 -4977 -1603 -1601 -4469 6207 2017 837 -3643 2271 3201 1923 -5109 81 -5301 3385 -823 2839 5715 -3639 2045 483 2835 -9545 -2901 4675 3265 3227 5
3682 -232 44 1756 -1030 -5234 9096 -1052 -4672 -900 -1042 -2694 -1820 -798 -4764 -1380 -3966 -2968 618 3234 -1074 1956 1692 -3416 -3804 1710 -5020 170 440 -3622 7920 -3102 1610 -1590 3140 60 3608 644 3248 -2414 -3494 -2188 -888 -4196 -2316 -3300 1230 -4674 -6752 4912 4856 -2966 510 540 4142 -1884 -3592 5376 790 -652 -930 3962 -1464 -2494 4776 1774 6902 706 1256 -1220 -2788 1008 -210 448 -1602 -6930 -1252 2018 -7672 1516 4862 -1616 278 826 4354 -996 1504 684 -5312 764 -1738 -794 2276 -2126 370 670 358 -9484 -1674 2722 2526 3034 5
278 10 1570 1460 -670 -2408 6276 -1110 -3734 208 -1654 -2640 718 -530 -1336 -208 -3348 -2546 72 850 -306 2830 384 -1906 -3000 -570 -154 30 644 -1506 3284 -2850 -1758 -130 2594 -2348 2250 1904 356 -1400 -144 -1846 1760 -3484 -3698 -3054 2186 -3184 -5280 1852 2846 -4974 2324 180 1864 -536 -2338 5018 -1510 -224 378 622 -2672 -1992 -100 1498 5458 68 1534 1874 -1528 318 -2478 740 -2466 -4342 -924 560 -4068 2548 2078 72 -1254 -310 3786 352 -764 1076 -4492 264 92 -188 -64 -2784 1156 428 1368 -4136 -960 2926 2994 952 5
1681 -1735 1901 -1309 -3429 -10663 13197 -2847 -285 -2637 309 -5339 2005 -909 323 -2209 -6127 -1791 149 141 -729 1511 3285 -3467 -3397 -1933 -7989 979 -1763 -729 7663 -2049 -3127 -2293 4323 -1453 6935 3393 -683 -1925 -649 -6999 2757 -6749 -6799 -5105 1485 -2095 -8257 3305 11125 -4917 2087 -1965 3875 -3699 -7141 2179 -2583 2641 557 2363 1701 -1055 1111 3123 8529 -3705 2889 2657 -3337 -483 -1609 -877 -1121 -4827 -2197 -1305 -9139 -1105 3927 3775 -4205 4169 4255 -1947 341 -13 -6381 5199 795 -1157 2119 -6535 2031 -1131 -1087 -8893 -2977 5589 5249 3779 5
-1378 -1974 3822 2732 2502 -1948 12430 -1724 -2294 212 418 -2332 422 432 -2204 1360 -2646 -2916 -1812 1128 -2516 1388 -2834 -472 -2960 -912 -2130 132 -218 -2982 7348 -5726 -3050 -2980 4114 -6058 4526 -3256 1584 -1784 -2562 -4658 1014 -5964 -8446 -5660 1786 560 -5276 518 4174 -2206 -1448 -2662 -1696 -1542 -314 3852 2648 -406 2490 -1646 -2508 -702 2140 766 5966 1376 2822 3718 2798 -2 -3622 96 -4412 -5362 816 3244 -2576 3534 4202 1374 -2056 3302 3942 -1080 -1976 -676 -3674 2574 1722 1384 1314 2424 1904 2126 1560 -7618 -4896 394 2672 244 5
3325 -163 877 4427 -1185 -3077 10959 -2271 -4337 -2793 1367 -1517 2949 -2741 -225 1911 -2305 -3267 763 3153 397 2373 -1381 -2687 -2717 2601 -4207 421 643 -4281 8135 -5543 -1071 109 5437 -5203 3305 -755 153 53 -4461 -2821 -1809 -3581 -3837 -2877 4701 959 -6685 -573 6731 -2041 1639 -43 1247 297 -1025 4365 353 2071 -1861 5159 381 -2871 2127 381 4691 2595 2413 2333 2813 737 47 -1361 -3179 -6661 1113 3143 -3361 -2013 3481 -1363 -3403 -649 2371 731 617 451 -6313 1191 -2037 -1237 2689 -1631 3353 1659 1013 -7551 -5367 -581 2053 3441 5
1277 1993 2377 4075 -1261 -7899 11487 -1337 -5017 -3247 -2223 -6665 281 745 -2823 725 -2153 475 709 3223 1309 2741 2355 -2355 -5219 1321 -3689 -819 -1899 -1679 5821 -4523 991 -549 5181 -1789 2323 3223 -2241 -3867 -1639 -5589 -1295 -6025 1151 -3879 3181 -3913 -6435 1231 5003 -4971 2915 2067 2473 -1975 -1869 3903 -2725 1403 775 3641 -2975 1857 2299 1821 7985 -753 2885 -1251 -75 57 -2277 2861 -2303 -4759 715 -805 -2155 -1311 4557 689 -3755 -1825 5447 -205 -419 -1059 -5767 1613 -349 1167 571 -4433 2779 -1693 1095 -6897 485 3805 4251 3983 5
4028 136 2376 5094 758 -13178 12608 140 -9940 394 -642 -6018 2442 1326 -1866 -1898 -2644 1044 70 3478 1396 -460 2742 -2454 -4802 -1132 -6358 2308 -1350 -8050 9132 -5410 242 -7258 3406 -590 3868 2144 5820 -3546 -2360 -5802 954 -7828 -4216 -6450 -1952 -6090 -9596 5124 8800 -6174 668 674 7182 -1868 -5410 3886 646 -1336 662 5730 -642 -2560 5670 4512 9788 -1906 2116 2168 -34 -922 -1466 -594 -4582 -5440 380 -306 -6964 784 6240 -216 -3478 -646 4478 -518 -2108 -1270 -7536 4822 -1608 -828 904 -2948 1400 1140 -226 -12240 -2360 2808 3700 2866 5
1836 -1658 2554 4916 -5508 -722 7886 -1550 -2838 -2396 -2128 830 -1202 -1438 -3804 714 -3380 -1456 1164 2882 -2542 3258 590 -1780 -174 -1596 -400 1054 -436 -248 7348 -2744 -2388 3022 4792 -2054 3808 -1660 5558 1870 -2024 1260 2220 -2682 -4860 -3396 -1382 -5240 -5782 508 2798 -3740 144 1520 780 -894 -3292 6024 -2580 2572 1130 2866 -1530 -3162 1250 1544 6956 4980 1192 3262 -1940 1156 -3520 878 -3038 -7582 698 244 -1708 -428 1854 220 -134 418 1744 2540 -830 2366 -6550 2584 -2324 -1594 -1228 -5510 2066 1082 -698 -7064 -3590 780 1566 2044 5
4268 -956 2526 3392 -2402 -5390 8822 -78 -6280 -1246 -3704 780 -1652 -2034 -1068 -52 -3312 -3610 848 984 -2506 3570 -2330 -4998 -2122 2468 -4520 774 1106 -2420 8704 -4342 -2508 714 3290 -4246 4472 2222 230 -676 -4764 -2428 -178 -2546 -1052 -4668 -3020 -3768 -10006 568 6146 -2856 436 1088 3582 -2068 -2198 7790 -5046 2082 -1514 5310 -652 -3992 3064 4932 6268 2786 1044 282 262 -226 -1958 518 -2124 -4664 -722 -972 -3674 -1732 3814 -1930 -588 -2670 4832 548 1540 -2144 -6478 266 -4344 484 -276 -3154 1870 -518 -30 -8774 -1404 2912 2416 1990 5
2010 -508 1836 626 2668 -3870 11226 -2182 -5618 -1962 598 -2108 -4852 -114 802 -2222 -576 -1084 -1662 1312 1426 226 118 -6860 -3464 2734 -4524 3184 -1982 -3700 10548 -3928 -4092 -4130 2510 -1964 5022 2928 586 -2178 -2064 -1658 -700 -7074 -1906 -5954 -1336 -6008 -5818 3738 4784 -4758 1862 -1990 1558 -3246 -3152 5528 -908 -1308 -3376 -1710 -2122 -626 4408 3210 7712 422 3316 1130 700 3364 -454 386 -1832 -3588 -1226 -2652 -6340 3030 1738 -34 -608 -3562 1796 -1356 402 -1050 -3376 1608 3786 3308 -30 -3086 520 384 1168 -7830 920 2680 -1010 1086 5
3314 714 2124 5178 -1992 -4370 10110 1770 -6526 -1770 -720 -2604 1502 -2224 2090 2526 -5072 -1146 3148 -844 1708 -520 -1446 -2286 -3676 -3248 -5530 -334 -1672 -5060 9726 -2968 -3166 -4366 3336 -6110 7474 -1108 2934 1014 -3518 -5710 1372 -4454 -7796 -4314 1180 -492 -7680 3530 6848 -3274 1996 364 4832 -3762 1610 5098 -164 3166 254 4860 -2896 -486 4048 2818 6366 2240 1492 2374 3558 270 -2596 -840 -1294 -8222 -926 4022 -2634 72 5524 -726 -2650 2626 4410 3774 -310 1752 -10280 1568 38 -1036 1722 -3122 566 -1034 2032 -7272 -4820 892 6068 886 5
3424 4250 -132 5266 1798 -14670 13832 -356 -10850 -7224 -4854 -7450 1534 1384 -786 -3406 -1086 3168 1298 838 -104 1176 3530 -1148 -5276 -2998 -7382 84 -3578 -7708 6386 -3972 6134 782 1972 -3450 3348 7638 -1862 -7846 3584 -9220 -4012 -6136 858 -3390 -606 -6576 -9546 2582 9758 -11190 3766 6402 11362 -6774 -5676 9210 -2682 -1792 1108 7490 -4414 1368 -106 8614 10448 -216 2594 -2270 -2000 1754 -1240 1746 -4384 -5044 -2046 -3390 -6192 -2212 7188 554 -6656 -2558 11204 -586 -4626 -3908 -6728 4452 970 1606 3958 -8092 1718 -5902 1708 -11748 -3144 9534 4956 2750 5
1471 731 4601 5179 -1129 -11145 16267 -2103 -4947 -4661 -3507 -4865 1673 -375 -3107 1141 -3337 -659 -1115 299 -4699 2597 985 -2193 -3269 -2941 -5719 -1823 -1147 -6179 11155 -7051 -311 -1425 5201 -7471 4395 1867 -321 -2299 -731 -6479 -807 -6241 -3217 -3835 1229 -2915 -12995 667 6763 -5757 2871 957 3239 -3045 -2675 7039 -1871 4515 2095 5973 -4581 -355 521 4937 8497 -479 79 1321 607 2337 -5007 2103 -2749 -7615 427 -2883 -4685 423 6867 2157 -3789 -1277 8967 191 -2203 3279 -9941 2611 1817 1829 -709 -3593 1197 -3057 2121 -9079 -3021 7085 6143 1803 5
2328 -1854 4044 4526 568 -5200 12972 -1976 -4936 -4272 278 -5668 3378 -20 -2524 2180 -2140 -3304 134 4406 -92 588 624 -3174 -5036 258 -6818 -456 -276 -3634 11096 -5180 -2006 -2784 4954 -5658 3132 686 2562 -1952 194 -5666 616 -5168 -7572 -6114 -1222 -1020 -5588 -98 8340 -4108 -340 186 4272 -306 -2408 4760 1338 126 1026 2232 -1936 -2670 -2670 4506 8034 2952 -162 1384 -578 1870 -5068 366 -5188 -6754 -60 1024 -4156 2846 6538 694 -3600 744 8604 5190 -1278 1700 -8758 5078 -58 2350 3386 -2060 3498 -930 2544 -10282 -7240 7242 5060 -46 5
2394 -1536 3670 3146 -1190 -6528 11714 -1266 -4198 -934 -3210 -3656 2412 1210 -2470 370 -1818 -1194 -2380 1130 -1212 1916 982 -890 -6158 242 -5156 1138 -644 -6178 7364 -2360 -440 -2962 3956 -5382 2576 638 2244 -2740 1190 -6440 -802 -4652 -2666 -3872 -1164 -4388 -7512 1548 5992 -5922 -658 1444 3464 -1910 -3656 2160 1182 -480 2358 1858 -2482 -1962 1010 2524 8856 -1398 1982 2640 -946 912 -2982 1898 -3188 -6168 352 -1186 -2954 852 4394 1028 -3116 988 5354 -1242 -4056 -500 -5566 2324 2870 426 1820 -2620 1202 836 3358 -7720 -2366 3608 3288 2470 5
3520 -480 3322 5790 1440 -10720 10732 -1438 -7270 -2268 528 -5840 -1878 432 -4262 -1740 -4516 -5988 -1454 3138 928 -448 -1400 -5468 -6170 5450 -7474 3952 -1966 -8480 9518 -4412 -236 -3862 6030 -2688 5140 1322 4108 -1912 -1224 -5200 -2616 -7946 -3736 -5808 1436 -3396 -7122 2164 9930 -2678 -1070 -688 5018 -2792 -6484 2074 -2130 -214 -830 4948 -3462 -3292 4096 4988 8178 2232 2750 -404 -2446 -1928 3604 -2618 -3482 -9014 -1250 -130 -8066 1236 8446 0 -4292 -134 2054 788 1128 -1368 -7248 462 -1394 3338 2862 -1306 -1464 4334 1420 -12036 -4472 2374 1088 6784 5
-411 -917 -1823 791 971 -1977 11537 -1289 -2845 -2403 -621 -2475 -465 -1725 943 2991 -773 -2715 -223 243 3083 1903 2797 -3611 -5799 -1055 -3669 2647 -2093 -4721 4975 -4331 -2717 2371 4083 -3905 5167 -33 701 1949 -1311 -3171 1825 -5007 -3117 -4499 3567 -943 -3119 2111 3607 -7163 1241 -2115 4015 -2255 -4289 1233 1981 1443 2393 1687 -433 -197 1829 -553 7205 21 1375 1785 -1113 1851 -4531 -747 -3577 -5755 335 -1563 -2923 327 4167 -865 331 -693 2141 1971 -959 1459 -4275 4975 193 45 2345 147 -1399 1465 183 -6247 -575 2999 2553 -953 5
372 -988 2896 934 -2958 -5682 11242 -1400 -4416 -2558 -1832 -1180 -922 -2976 -940 1612 -4048 -3686 -1100 506 522 3734 248 -5708 -4792 1748 -4028 498 16 -3544 11048 -4232 -2364 -1288 5704 -7510 3716 1252 1408 -156 -2126 -2982 -380 -5624 -4226 -3312 -1040 -4370 -7120 1694 6006 -5842 486 -1770 2462 -348 -2502 6048 -2694 1212 1776 2872 -258 -2874 1312 1624 9334 1972 2684 2128 -438 612 -3516 512 -4080 -9268 -584 294 -3478 158 6110 -340 0 -134 3280 3202 -752 68 -5856 1492 -292 1272 1348 -3664 550 -24 3184 -11278 -1968 3194 1682 2414 5
265 887 -1539 2917 -1851 -4287 5505 -21 -4573 1231 -2465 1181 -533 379 -903 -1603 -3239 -1753 717 2039 171 61 -1783 -2199 -713 285 -3755 1911 -3339 -1893 5703 -3191 -1299 -1787 1001 -3143 2457 3847 -975 -1539 -2987 -2895 1711 -4799 269 -2453 -581 -2909 -8619 3939 3389 -179 -1557 1387 2583 -2485 -1445 5653 -2417 285 -1513 3531 245 -1321 4395 1103 2891 -1581 -27 2311 -753 53 -1547 781 -1375 -5387 -963 2385 -2293 -2407 3043 -427 -1259 -1349 5795 -707 995 -247 -4381 -301 -2081 -357 -925 -2573 -247 -541 -805 -4857 679 -1857 4055 865 5
1181 9 2471 2931 -435 -7017 10465 -69 -5319 -2893 -27 -4241 119 233 -1413 863 -305 -469 -543 1141 551 1601 1201 -2335 -3895 993 -4051 -347 289 -3479 7557 -3871 -4003 -977 6193 -5267 2905 953 1187 -1263 -461 -4395 -307 -5421 -3199 -4035 -117 -1583 -6507 2709 6243 -4015 -371 -247 4939 -1919 -4183 2113 -3457 2355 1251 3621 -1777 -469 1755 2161 5661 2079 2123 1501 825 929 -3787 1587 -2945 -4765 -121 833 -3231 1525 3407 -357 -1465 -647 3731 1559 -2555 -205 -6111 1145 -2159 -253 1741 -3003 -865 -209 1321 -8669 -3091 2957 4353 1925 5
3550 1030 2978 3672 134 -10426 14358 -1854 -6550 -3446 -2416 -5624 1250 936 -2250 -1404 -3298 130 164 408 -928 1498 1020 -2356 -5172 -774 -5800 -200 -2336 -5628 8598 -4104 90 -2448 4372 -3846 4610 3350 600 -3156 450 -6624 -682 -6044 -3990 -4788 -192 -4874 -8740 1446 7120 -7708 1862 2796 6888 -3718 -4118 6728 -1410 620 1424 5436 -3182 -104 454 5258 10434 878 2792 474 380 1642 -2948 540 -4496 -7586 -136 -510 -5816 -886 6228 456 -4864 -592 6492 898 -3222 -1744 -7428 3114 772 1470 2622 -4394 2288 -1744 1990 -10956 -3556 6222 5042 3020 5
185 -1853 2463 1757 -2903 -949 6739 2079 -3435 811 -3999 2617 -1479 -33 -207 1381 -4607 -4541 -2051 2517 -481 4225 207 -3265 -5025 1451 -1183 1611 493 329 7261 -4887 -3287 705 3615 -3683 801 2009 65 161 -2923 -2777 1427 -4597 -2505 -2999 -617 -6017 -7161 1763 3805 -3333 821 -357 -2317 619 -4147 4761 -3127 -1673 1799 995 -2025 -6891 3833 -1153 6237 -609 597 1633 -1411 -1651 -1787 2565 -817 -7227 -2489 -491 -4731 661 2121 -2043 -1623 1033 3833 1057 -1187 2705 -5445 495 -1073 2737 649 -1437 -51 -53 -507 -7823 1357 -2135 1479 1757 5
